[CANOPYSYNC] main canopy attached HIDDEN, awaiting deploy
[CONTROLS] turnleft  action_existed=true  keys_before=[]  wanted=Q  added=true
[CONTROLS] turnright  action_existed=true  keys_before=[]  wanted=E  added=true
[CANOPYSYNC] transition at state=0 deployed=false visible=false
[CTRL] pressed=deploy  key=Space  state=0  deployed=false  alt_m=1828.8
[CANOPYSYNC] main canopy visible -> true  state=2  deployed=true
[CANOPYSYNC] transition at state=2 deployed=true visible=true
[GLIDE_HDR] t,brake_L,brake_R,sym,diff,fwd_speed,turn_rate_deg_s,heading_deg,descent_m_s,glide_ratio,x,z,raw_descent
[GLIDE],0.51666666666667,0.0,0.0,0.0,0.0,11.0,0.0,0.0,4.23076923076923,2.6,454.872894287109,665.374877929688,18.0
[GLIDE],1.01666666666667,0.0,0.0,0.0,0.0,11.0,0.0,0.0,4.23076923076923,2.6,454.872894287109,672.444580078125,18.0
[GLIDE],1.53333333333333,0.0,0.0,0.0,0.0,11.0,0.0,0.0,4.23076923076923,2.6,454.872894287109,679.749816894531,18.0
[GLIDE],2.05,0.0,0.0,0.0,0.0,11.0,0.0,0.0,4.23076923076923,2.6,454.872894287109,687.053283691406,18.0
[GLIDE],2.56666666666666,0.0,0.0,0.0,0.0,11.0,0.0,0.0,4.23076923076923,2.6,454.872894287109,694.356750488281,18.0
[CTRL] pressed=turnleft  key=Q  state=2  deployed=true  alt_m=1838.5
[GLIDE],2.6,0.00413499646348,0.0,0.00206749823174,-0.00413499646348,10.9836254140046,0.27225836704874,0.00607711330003,4.22448106299592,2.59999399931391,454.872924804688,694.827514648438,18.0
[VERBATIM] POLL: turnleft pressed - left turn
[GLIDE],2.61666666666666,0.00812801123525,0.0,0.00406400561762,-0.00812801123525,10.9678130755084,0.5347940748619,0.01499034788106,4.21842736155939,2.59997675329274,454.872985839844,695.062561035156,18.0
[GLIDE],2.63333333333333,0.01331216752777,0.0,0.00665608376388,-0.01331216752777,10.94728381659,0.8750972552239,0.02957530213479,4.21059510696521,2.5999374289114,454.873077392578,695.297241210938,18.0
[VERBATIM] POLL: turnleft pressed - left turn
[GLIDE],2.65,0.01961977192354,0.0,0.00980988596177,-0.01961977192354,10.9223057031828,1.28831104085349,0.05104715281569,4.20110733486103,2.59986351992221,454.873229980469,695.531555175781,18.0
[GLIDE],2.66666666666666,0.02698458323639,0.0,0.01349229161819,-0.02698458323639,10.8931410503839,1.7696218023276,0.08054084952115,4.19008772573596,2.59974056950576,454.873474121094,695.765380859375,18.0
[VERBATIM] POLL: turnleft pressed - left turn
[GLIDE],2.68333333333333,0.03534187500065,0.0,0.01767093750032,-0.03534187500065,10.8600461749974,2.3142788255408,0.11911216328016,4.17765982393676,2.59955253244234,454.873840332031,695.998657226562,18.0
[GLIDE],2.7,0.04462849094903,0.0,0.02231424547452,-0.04462849094903,10.8232711758418,2.91761193279529,0.16773902882675,4.1639463409578,2.59928209674101,454.874359130859,696.231262207031,18.0
[VERBATIM] POLL: turnleft pressed - left turn
[GLIDE],2.71666666666666,0.05478289376498,0.0,0.02739144688249,-0.05478289376498,10.7830597406907,3.57504712716908,0.2273231476129,4.14906853559244,2.59891097199024,454.875061035156,696.463195800781,18.0
[GLIDE],2.73333333333333,0.06574520739349,0.0,0.03287260369674,-0.06574520739349,10.7396489787218,4.28212034592897,0.29869182004505,4.13314566424382,2.59842015045135,454.876007080078,696.694458007812,18.0
[VERBATIM] POLL: turnleft pressed - left turn
[GLIDE],2.75,0.07745725319205,0.0,0.03872862659602,-0.07745725319205,10.6932692773595,5.03448941358484,0.38259997693813,4.11629449532017,2.59779014585004,454.877197265625,696.924926757812,18.0
[GLIDE],2.76666666666666,0.08986258020082,0.0,0.04493129010041,-0.08986258020082,10.6441441824047,5.82794428882093,0.47973238175181,4.0986288822087,2.59700121389589,454.878692626953,697.154541015625,18.0
[VERBATIM] POLL: turnleft pressed - left turn
[GLIDE],2.78333333333333,0.10290648980771,0.0,0.05145324490386,-0.10290648980771,10.5924903003615,6.65841570208672,0.59070597678659,4.08025938984913,2.5960335577472,454.880523681641,697.38330078125,18.0
[GLIDE],2.79999999999999,0.11653605508055,0.0,0.05826802754028,-0.11653605508055,10.538517221881,7.5219822821801,0.71607234815626,4.06129297042131,2.59486752091853,454.882720947266,697.611145019531,18.0
[VERBATIM] POLL: turnleft pressed - left turn
[GLIDE],2.81666666666666,0.13070013503452,0.0,0.06535006751726,-0.13070013503452,10.4824274652633,8.41487627080374,0.85632028600299,4.04183268412508,2.5934837694877,454.885345458984,697.838073730469,18.0
[GLIDE],2.83333333333333,0.1453493840985,0.0,0.07267469204925,-0.1453493840985,10.4244164389699,9.33348792391203,1.01187841806819,4.02197746146368,2.59186346488781,454.888427734375,698.064025878906,18.0
[GLIDE],2.84999999999999,0.16043625703946,0.0,0.08021812851973,-0.16043625703946,10.3646724221237,10.2743686977798,1.18311789636452,4.00182190384296,2.58998842806336,454.891998291016,698.289001464844,18.0
[VERBATIM] POLL: turnleft pressed - left turn
[GLIDE],2.86666666666666,0.17591500959878,0.0,0.08795750479939,-0.17591500959878,10.3033765619888,11.2342333161991,1.37035511830117,3.98145611966376,2.58784129532463,454.896118164062,698.512939453125,18.0
[GLIDE],2.88333333333333,0.19174169508932,0.0,0.09587084754466,-0.19174169508932,10.2407028874463,12.2099608131258,1.5738544651866,3.96096559341114,2.58540566585106,454.900817871094,698.735778808594,18.0
[VERBATIM] POLL: turnleft pressed - left turn
[GLIDE],2.89999999999999,0.20787415719642,0.0,0.10393707859821,-0.20787415719642,10.1768183375022,13.1985946425351,1.79383104256219,3.94043108552947,2.58266624047169,454.906127929688,698.957580566406,18.0
[GLIDE],2.91666666666666,0.22427201922017,0.0,0.11213600961009,-0.22427201922017,10.1118828038881,14.1973419442652,2.03045340829994,3.91992856111503,2.57960895109063,454.912109375,699.17822265625,18.0
[VERBATIM] POLL: turnleft pressed - left turn
[GLIDE],2.93333333333333,0.24089666999056,0.0,0.12044833499528,-0.24089666999056,10.0460491868374,15.2035720513144,2.28384627582184,3.89952914565818,2.57622107992778,454.918792724609,699.397766113281,18.0
[GLIDE],2.94999999999999,0.25771124668085,0.0,0.12885562334043,-0.25771124668085,9.97946346314382,16.2148143204563,2.55409318116278,3.87929910622624,2.57249136760991,454.926208496094,699.616149902344,18.0
[VERBATIM] POLL: turnleft pressed - left turn
[GLIDE],2.96666666666666,0.27468061473825,0.0,0.13734030736913,-0.27468061473825,9.91226476563653,17.2287553642187,2.84123910389976,3.85929985659839,2.56841010907436,454.934387207031,699.833374023438,18.0
[GLIDE],2.98333333333333,0.29177134514473,0.0,0.14588567257237,-0.29177134514473,9.84458547322685,18.2432357582841,3.1452930332045,3.83958798494951,2.56396923623468,454.943389892578,700.049438476562,18.0
[VERBATIM] POLL: turnleft pressed - left turn
[GLIDE],2.99999999999999,0.30895168921422,0.0,0.15447584460711,-0.30895168921422,9.77655131071168,19.2562462942635,3.46623047144222,3.82021530273365,2.55916238640158,454.953247070312,700.264343261719,18.0
[GLIDE],3.01666666666666,0.32619155112585,0.0,0.16309577556292,-0.32619155112585,9.70828145754165,20.2659238436155,3.80399586883581,3.80122891344617,2.55398495554959,454.963989257812,700.47802734375,18.0
[VERBATIM] POLL: turnleft pressed - left turn
[GLIDE],3.03333333333333,0.34346245838642,0.0,0.17173122919321,-0.34346245838642,9.63988866478977,21.2705468942671,4.15850498374026,3.78267129995062,2.54843413566376,454.975646972656,700.690490722656,18.0
[GLIDE],3.04999999999999,0.36073753040853,0.0,0.18036876520426,-0.36073753040853,9.57147937958223,22.2685308172853,4.52964716402835,3.76458042904734,2.54250893558525,454.988250732422,700.901733398438,18.0
[VERBATIM] POLL: turnleft pressed - left turn
[GLIDE],3.06666666666666,0.377991445384,0.0,0.188995722692,-0.377991445384,9.50315387627938,23.2584229167688,4.9172875459745,3.74698987194131,2.53621018499199,455.001831054688,701.111755371094,18.0
[GLIDE],3.08333333333333,0.39520040562578,0.0,0.19760020281289,-0.39520040562578,9.43500639372191,24.2388973120188,5.32126916784148,3.72992893924055,2.52954052139207,455.016418457031,701.320556640625,18.0
[GLIDE],3.09999999999999,0.41234210154466,0.0,0.20617105077233,-0.41234210154466,9.36712527788314,25.2087496970259,5.74141499612525,3.71342282908847,2.52250436026497,455.032043457031,701.528137207031,18.0
[VERBATIM] POLL: turnleft pressed - left turn
[GLIDE],3.11666666666666,0.4293956744204,0.0,0.2146978372102,-0.4293956744204,9.29959312929522,26.1668920183915,6.17752986309844,3.69749278700757,2.51510784874891,455.048736572266,701.734497070312,18.0
[GLIDE],3.13333333333333,0.44634167812041,0.0,0.22317083906021,-0.44634167812041,9.23248695464316,27.1123471090204,6.62940231491544,3.68215627601046,2.5073588035341,455.066497802734,701.939575195312,18.0
[VERBATIM] POLL: turnleft pressed - left turn
[GLIDE],3.14999999999999,0.46316203991248,0.0,0.23158101995624,-0.46316203991248,9.1658783219466,28.0442433112752,7.09680637010336,3.66742715552054,2.49926663387146,455.085357666016,702.143432617188,18.0
[GLIDE],3.16666666666666,0.47984002051131,0.0,0.23992001025565,-0.47984002051131,9.09983351877523,28.9618091197947,7.57950318876661,3.65331586764025,2.490842250838,455.105377197266,702.346008300781,18.0
[VERBATIM] POLL: turnleft pressed - left turn
[GLIDE],3.18333333333333,0.49636017349259,0.0,0.24818008674629,-0.49636017349259,9.03441371296936,29.8643678708573,8.0772426532809,3.63982962931121,2.48209796420582,455.126525878906,702.54736328125,18.0
[GLIDE],3.19999999999999,0.51270830420146,0.0,0.25635415210073,-0.51270830420146,8.96967511536223,30.7513325020175,8.58976486164785,3.62697262892829,2.47304736843647,455.148864746094,702.747436523438,18.0
[VERBATIM] POLL: turnleft pressed - left turn
[GLIDE],3.21666666666666,0.52887142827631,0.0,0.26443571413815,-0.52887142827631,8.90566914402583,31.6222004027686,9.11680153502733,3.61474622599969,2.46370521946195,455.172393798828,702.946228027344,18.0
[GLIDE],3.23333333333333,0.54483772990247,0.0,0.27241886495124,-0.54483772990247,8.84244258958621,32.476548374193,9.65807734126388,3.60314915248606,2.45408730401438,455.197113037109,703.143737792969,18.0
[VERBATIM] POLL: turnleft pressed - left turn
[GLIDE],3.24999999999999,0.56059651990436,0.0,0.28029825995218,-0.56059651990436,8.78003778117872,33.3140277129481,10.2133111364797,3.59217771450462,2.44421030332836,455.223052978516,703.340026855469,18.0
[GLIDE],3.26666666666666,0.57613819377858,0.0,0.28806909688929,-0.57613819377858,8.71849275263682,34.1343594325033,10.7822171270214,3.58182599314695,2.43409165306125,455.250244140625,703.535034179688,18.0
[GLIDE],3.28333333333333,0.5914541897647,0.0,0.29572709488235,-0.5914541897647,8.65784140853178,34.9373296322949,11.3645059542263,3.57208604323127,2.42374940126022,455.278686523438,703.728759765625,18.0
[VERBATIM] POLL: turnleft pressed - left turn
[GLIDE],3.29999999999999,0.60653694704475,0.0,0.30326847352237,-0.60653694704475,8.5981136897028,35.7227850233871,11.9598857046161,3.56294808889039,2.41320206615205,455.308380126953,703.921203613281,18.0
[GLIDE],3.31666666666666,0.62137986415669,0.0,0.31068993207835,-0.62137986415669,8.5393357379395,36.4906286173283,12.5680628482382,3.55440071498323,2.40246849544643,455.33935546875,704.112365722656,18.0
[VERBATIM] POLL: turnleft pressed - left turn
[GLIDE],3.33333333333333,0.63597725770194,0.0,0.31798862885097,-0.63597725770194,8.48153005950031,37.2408155831526,13.1887431079575,3.54643105341016,2.39156772872962,455.371612548828,704.30224609375,18.0
[GLIDE],3.34999999999999,0.65032432142142,0.0,0.32516216071071,-0.65032432142142,8.42471568717118,37.9733492759079,13.8216322625559,3.53902496350795,2.38051886438813,455.405151367188,704.490844726562,18.0
[VERBATIM] POLL: turnleft pressed - left turn
[GLIDE],3.36666666666666,0.66441708570966,0.0,0.33220854285483,-0.66441708570966,8.36890834058975,38.688277438668,14.4664368865337,3.5321672057989,2.36934093234606,455.440002441406,704.678161621094,18.0
[GLIDE],3.38333333333333,0.67825237763136,0.0,0.33912618881568,-0.67825237763136,8.31412058457983,39.3856885787228,15.1228650295124,3.52584160846738,2.35805277373019,455.476165771484,704.864196777344,18.0
[VERBATIM] POLL: turnleft pressed - left turn
[GLIDE],3.39999999999999,0.69182778149992,0.0,0.34591389074996,-0.69182778149992,8.2603619852603,40.0657085175064,15.7906268381375,3.52003122603629,2.34667292839951,455.513641357422,705.048950195312,18.0
[GLIDE],3.41666666666666,0.70514160007282,0.0,0.35257080003641,-0.70514160007282,8.20763926371161,40.7284971128309,16.4694351233514,3.51471848981302,2.33521953109486,455.552429199219,705.232360839844,18.0
[VERBATIM] POLL: turnleft pressed - left turn
[GLIDE],3.43333333333333,0.718192816414,0.0,0.359096408207,-0.718192816414,8.15595644700057,41.3742451511248,17.1590058758701,3.50988534976939,2.32371021678427,455.592529296875,705.414489746094,18.0
[GLIDE],3.44999999999999,0.73098105646916,0.0,0.36549052823458,-0.73098105646916,8.10531501638212,42.0031714066188,17.8590587326471,3.50551340761071,2.31216203560509,455.633972167969,705.595336914062,18.0
[VERBATIM] POLL: turnleft pressed - left turn
[GLIDE],3.46666666666666,0.74350655239562,0.0,0.37175327619781,-0.74350655239562,8.05571405251334,42.6155198637854,18.5693173970435,3.50158404087639,2.30059137763751,455.676727294922,705.774841308594,18.0
[GLIDE],3.48333333333333,0.75577010668401,0.0,0.37788505334201,-0.75577010668401,8.00715037753132,43.2115570987939,19.2895100153568,3.49807851799529,2.28901390758951,455.720825195312,705.953063964844,18.0
[GLIDE],3.49999999999999,0.76777305710554,0.0,0.38388652855277,-0.76777305710554,7.95961869386207,43.7915698152977,20.0193695122784,3.49497810429561,2.27744450933156,455.766235351562,706.129943847656,18.0
[VERBATIM] POLL: turnleft pressed - left turn
[GLIDE],3.51666666666666,0.77951724251446,0.0,0.38975862125723,-0.77951724251446,7.91311171964272,44.3558625295107,20.7586338877702,3.49226415903831,2.2658972400936,455.81298828125,706.305541992188,18.0
[GLIDE],3.53333333333333,0.79100496953191,0.0,0.39550248476596,-0.79100496953191,7.86762032065363,44.9047553992482,21.5070464777577,3.48991822360681,2.25438529402631,455.861053466797,706.479797363281,18.0
[VERBATIM] POLL: turnleft pressed - left turn
[GLIDE],3.54999999999999,0.80223898013364,0.0,0.40111949006682,-0.80223898013364,7.82313363867078,45.4385821913981,22.2643561809477,3.48792210104244,2.24292097473526,455.910461425781,706.652709960938,18.0
[GLIDE],3.56666666666666,0.81322242016108,0.0,0.40661121008054,-0.81322242016108,7.77963921616211,45.9576883821407,23.0303176539834,3.4862579271653,2.23151567631939,455.961181640625,706.824279785156,18.0
[VERBATIM] POLL: turnleft pressed - left turn
[GLIDE],3.58333333333333,0.82395880877175,0.0,0.41197940438588,-0.82395880877175,7.73712311726386,46.4624293841519,23.8046914770526,3.48490823356382,2.22017987238406,456.013214111328,706.994506835938,18.0
[GLIDE],3.59999999999999,0.83445200884212,0.0,0.41722600442106,-0.83445200884212,7.6955700449852,46.9531688949854,24.587244291969,3.48385600277348,2.20892311245321,456.066589355469,707.163391113281,18.0
[VERBATIM] POLL: turnleft pressed - left turn
[GLIDE],3.61666666666666,0.84470619833318,0.0,0.42235309916659,-0.84470619833318,7.65496345460061,47.4302773608398,25.3777489146496,3.48308471599596,2.19775402517355,456.121276855469,707.330932617188,18.0
[GLIDE],3.63333333333333,0.85472584262615,0.0,0.42736292131308,-0.85472584262615,7.61528566320045,47.894130549966,26.1759844238157,3.4825783937347,2.18668032768499,456.177276611328,707.4970703125,18.0
[VERBATIM] POLL: turnleft pressed - left turn
[GLIDE],3.64999999999999,0.86451566783323,0.0,0.43225783391662,-0.86451566783323,7.5765179553804,48.3451082300555,26.98173622765,3.48232162974205,2.17570884052477,456.234558105469,707.661865234375,18.0
[GLIDE],3.66666666666666,0.87408063508583,0.0,0.43704031754291,-0.87408063508583,7.53864068506013,48.7835929440589,27.794796110051,3.48229961868679,2.16484550743598,456.293151855469,707.825256347656,18.0
[VERBATIM] POLL: turnleft pressed - left turn
[GLIDE],3.68333333333333,0.88342591580035,0.0,0.44171295790017,-0.88342591580035,7.50163337343063,49.2099688790277,28.6149622580348,3.48249817795936,2.15409541946304,456.35302734375,707.987243652344,18.0
[GLIDE],3.69999999999999,0.89255686791956,0.0,0.44627843395978,-0.89255686791956,7.46547480303856,49.6246208227272,29.4420392717469,3.48290376403647,2.1434628427363,456.414184570312,708.147827148438,18.0
[VERBATIM] POLL: turnleft pressed - left turn
[GLIDE],3.71666666666666,0.90147901312532,0.0,0.45073950656266,-0.90147901312532,7.43014310802372,50.0279332029436,30.2758381584626,3.48350348382632,2.13295124937334,456.476623535156,708.307006835938,18.0
[GLIDE],3.73333333333332,0.91019801501677,0.0,0.45509900750839,-0.91019801501677,7.39561586053358,50.4202892045998,31.1161763118726,3.48428510141215,2.12256335095432,456.540313720703,708.464782714844,18.0
[GLIDE],3.74999999999999,0.918719658246,0.0,0.459359829123,-0.918719658246,7.36187015334584,50.8020699599889,31.9628774778724,3.4852370406043,2.11230113406272,456.605255126953,708.621154785156,18.0
[VERBATIM] POLL: turnleft pressed - left turn
[GLIDE],3.76666666666666,0.92704982860186,0.0,0.46352491430093,-0.92704982860186,7.32888267873663,51.1736538076431,32.8157717079998,3.48634838370111,2.10216589741851,456.671447753906,708.776062011719,18.0
[GLIDE],3.78333333333332,0.93519449403081,0.0,0.46759724701541,-0.93519449403081,7.29662980363798,51.5354156155613,33.6746953015925,3.48760886684644,2.09215829016851,456.738891601562,708.929504394531,18.0
[VERBATIM] POLL: turnleft pressed - left turn
[GLIDE],3.79999999999999,0.94315968658227,0.0,0.47157984329113,-0.94315968658227,7.26508764113422,51.8877261647343,34.5394907376714,3.48900887235651,2.08227835093675,456.807556152344,709.081481933594,18.0
[GLIDE],3.81666666666666,0.9509514852647,0.0,0.47547574263235,-0.9509514852647,7.23423211835177,52.230951589115,35.41000659749,3.49053941837297,2.07252554727597,456.877410888672,709.231994628906,18.0
[VERBATIM] POLL: turnleft pressed - left turn
[GLIDE],3.83333333333332,0.95857599979748,0.0,0.47928799989874,-0.95857599979748,7.20403904080196,52.5654528683912,36.2860974786299,3.49219214618066,2.06289881519861,456.948455810547,709.381042480469,18.0
[GLIDE],3.84999999999999,0.96603935524223,0.0,0.48301967762111,-0.96603935524223,7.17448415324077,52.8915853701254,37.1676239014653,3.4939593055103,2.05339659850243,457.020690917969,709.528564453125,18.0
[VERBATIM] POLL: turnleft pressed - left turn
[GLIDE],3.86666666666666,0.9733476774966,0.0,0.4866738387483,-0.9733476774966,7.14554319711346,53.2096984380282,38.0544522087658,3.49583373812627,2.04401688764048,457.094085693359,709.674560546875,18.0
[GLIDE],3.88333333333332,0.98050707963244,0.0,0.49025353981622,-0.98050707963244,7.11719196465553,53.5201350233235,38.9464544591545,3.49780885997996,2.03475725791841,457.168640136719,709.819091796875,18.0
[VERBATIM] POLL: turnleft pressed - left turn
[GLIDE],3.89999999999999,0.98752364905932,0.0,0.49376182452966,-0.98752364905932,7.08940634972509,53.823231356359,39.8435083150938,3.49987864218889,2.02561490683324,457.244354248047,709.962036132812,18.0
[GLIDE],3.91666666666666,0.99440343549395,0.0,0.49720171774697,-0.99440343549395,7.06216239544398,54.1193166557906,40.7454969260236,3.50203759108135,2.01658669039682,457.321166992188,710.103454589844,18.0
[VERBATIM] POLL: turnleft pressed - left turn
[GLIDE],3.93333333333332,1.0,0.0,0.5,-1.0,7.04,54.3593708130368,41.6514864395743,3.50388888888889,2.0091961312827,457.399139404297,710.243347167969,18.0
[GLIDE],3.94999999999999,1.0,0.0,0.5,-1.0,7.04,54.3593708130368,42.5574759531249,3.50388888888889,2.0091961312827,457.478485107422,710.382019042969,18.0
[GLIDE],3.96666666666666,1.0,0.0,0.5,-1.0,7.04,54.3593708130368,43.4634654666755,3.50388888888889,2.0091961312827,457.559204101562,710.519409179688,18.0
[VERBATIM] POLL: turnleft pressed - left turn
[GLIDE],3.98333333333332,1.0,0.0,0.5,-1.0,7.04,54.3593708130368,44.3694549802261,3.50388888888889,2.0091961312827,457.641265869141,710.655517578125,18.0
[GLIDE],3.99999999999999,1.0,0.0,0.5,-1.0,7.04,54.3593708130368,45.2754444937767,3.50388888888889,2.0091961312827,457.724639892578,710.790344238281,18.0
[VERBATIM] POLL: turnleft pressed - left turn
[GLIDE],4.01666666666666,1.0,0.0,0.5,-1.0,7.04,54.3593708130368,46.1814340073273,3.50388888888889,2.0091961312827,457.809295654297,710.923828125,18.0
[GLIDE],4.03333333333332,1.0,0.0,0.5,-1.0,7.04,54.3593708130368,47.0874235208779,3.50388888888889,2.0091961312827,457.895233154297,711.055969238281,18.0
[VERBATIM] POLL: turnleft pressed - left turn
[GLIDE],4.04999999999999,1.0,0.0,0.5,-1.0,7.04,54.3593708130368,47.9934130344286,3.50388888888889,2.0091961312827,457.982421875,711.186706542969,18.0
[GLIDE],4.06666666666666,1.0,0.0,0.5,-1.0,7.04,54.3593708130368,48.8994025479792,3.50388888888889,2.0091961312827,458.070831298828,711.316101074219,18.0
[VERBATIM] POLL: turnleft pressed - left turn
[GLIDE],4.08333333333332,1.0,0.0,0.5,-1.0,7.04,54.3593708130368,49.8053920615298,3.50388888888889,2.0091961312827,458.160461425781,711.444091796875,18.0
[GLIDE],4.09999999999999,1.0,0.0,0.5,-1.0,7.04,54.3593708130368,50.7113815750804,3.50388888888889,2.0091961312827,458.251281738281,711.570617675781,18.0
[VERBATIM] POLL: turnleft pressed - left turn
[GLIDE],4.11666666666666,1.0,0.0,0.5,-1.0,7.04,54.3593708130368,51.617371088631,3.50388888888889,2.0091961312827,458.34326171875,711.695739746094,18.0
[GLIDE],4.13333333333332,1.0,0.0,0.5,-1.0,7.04,54.3593708130368,52.5233606021816,3.50388888888889,2.0091961312827,458.436370849609,711.819396972656,18.0
[VERBATIM] POLL: turnleft pressed - left turn
[GLIDE],4.14999999999999,1.0,0.0,0.5,-1.0,7.04,54.3593708130368,53.4293501157322,3.50388888888889,2.0091961312827,458.530609130859,711.941528320312,18.0
[GLIDE],4.16666666666666,1.0,0.0,0.5,-1.0,7.04,54.3593708130368,54.3353396292829,3.50388888888889,2.0091961312827,458.625946044922,712.062194824219,18.0
[GLIDE],4.18333333333332,1.0,0.0,0.5,-1.0,7.04,54.3593708130368,55.2413291428335,3.50388888888889,2.0091961312827,458.722351074219,712.181335449219,18.0
[VERBATIM] POLL: turnleft pressed - left turn
[GLIDE],4.19999999999999,1.0,0.0,0.5,-1.0,7.04,54.3593708130368,56.1473186563841,3.50388888888889,2.0091961312827,458.819793701172,712.298950195312,18.0
[GLIDE],4.21666666666666,1.0,0.0,0.5,-1.0,7.04,54.3593708130368,57.0533081699347,3.50388888888889,2.0091961312827,458.918243408203,712.4150390625,18.0
[VERBATIM] POLL: turnleft pressed - left turn
[GLIDE],4.23333333333332,1.0,0.0,0.5,-1.0,7.04,54.3593708130368,57.9592976834853,3.50388888888889,2.0091961312827,459.017700195312,712.529541015625,18.0
[GLIDE],4.24999999999999,1.0,0.0,0.5,-1.0,7.04,54.3593708130368,58.8652871970359,3.50388888888889,2.0091961312827,459.118133544922,712.642456054688,18.0
[VERBATIM] POLL: turnleft pressed - left turn
[GLIDE],4.26666666666666,1.0,0.0,0.5,-1.0,7.04,54.3593708130368,59.7712767105865,3.50388888888889,2.0091961312827,459.219512939453,712.753784179688,18.0
[GLIDE],4.28333333333332,1.0,0.0,0.5,-1.0,7.04,54.3593708130368,60.6772662241372,3.50388888888889,2.0091961312827,459.321807861328,712.863464355469,18.0
[VERBATIM] POLL: turnleft pressed - left turn
[GLIDE],4.29999999999999,1.0,0.0,0.5,-1.0,7.04,54.3593708130368,61.5832557376878,3.50388888888889,2.0091961312827,459.425018310547,712.971557617188,18.0
[GLIDE],4.31666666666666,1.0,0.0,0.5,-1.0,7.04,54.3593708130368,62.4892452512384,3.50388888888889,2.0091961312827,459.529083251953,713.078002929688,18.0
[GLIDE],4.33333333333332,1.0,0.0,0.5,-1.0,7.04,54.3593708130368,63.395234764789,3.50388888888889,2.0091961312827,459.634002685547,713.182800292969,18.0
[VERBATIM] POLL: turnleft pressed - left turn
[GLIDE],4.34999999999999,1.0,0.0,0.5,-1.0,7.04,54.3593708130368,64.3012242783396,3.50388888888889,2.0091961312827,459.739715576172,713.285949707031,18.0
[GLIDE],4.36666666666666,1.0,0.0,0.5,-1.0,7.04,54.3593708130368,65.2072137918902,3.50388888888889,2.0091961312827,459.846221923828,713.387390136719,18.0
[VERBATIM] POLL: turnleft pressed - left turn
[GLIDE],4.38333333333332,1.0,0.0,0.5,-1.0,7.04,54.3593708130368,66.1132033054408,3.50388888888889,2.0091961312827,459.953491210938,713.487121582031,18.0
[GLIDE],4.39999999999999,1.0,0.0,0.5,-1.0,7.04,54.3593708130368,67.0191928189915,3.50388888888889,2.0091961312827,460.0615234375,713.585205078125,18.0
[VERBATIM] POLL: turnleft pressed - left turn
[GLIDE],4.41666666666666,1.0,0.0,0.5,-1.0,7.04,54.3593708130368,67.9251823325421,3.50388888888889,2.0091961312827,460.170257568359,713.681518554688,18.0
[GLIDE],4.43333333333332,1.0,0.0,0.5,-1.0,7.04,54.3593708130368,68.8311718460927,3.50388888888889,2.0091961312827,460.279663085938,713.776123046875,18.0
[VERBATIM] POLL: turnleft pressed - left turn
[GLIDE],4.44999999999999,1.0,0.0,0.5,-1.0,7.04,54.3593708130368,69.7371613596433,3.50388888888889,2.0091961312827,460.389739990234,713.869018554688,18.0
[GLIDE],4.46666666666666,1.0,0.0,0.5,-1.0,7.04,54.3593708130368,70.6431508731939,3.50388888888889,2.0091961312827,460.500427246094,713.960144042969,18.0
[VERBATIM] POLL: turnleft pressed - left turn
[GLIDE],4.48333333333332,1.0,0.0,0.5,-1.0,7.04,54.3593708130368,71.5491403867445,3.50388888888889,2.0091961312827,460.611724853516,714.049499511719,18.0
[GLIDE],4.49999999999999,1.0,0.0,0.5,-1.0,7.04,54.3593708130368,72.4551299002951,3.50388888888889,2.0091961312827,460.723602294922,714.137145996094,18.0
[GLIDE],4.51666666666666,1.0,0.0,0.5,-1.0,7.04,54.3593708130368,73.3611194138458,3.50388888888889,2.0091961312827,460.836029052734,714.222961425781,18.0
[VERBATIM] POLL: turnleft pressed - left turn
[GLIDE],4.53333333333332,1.0,0.0,0.5,-1.0,7.04,54.3593708130368,74.2671089273964,3.50388888888889,2.0091961312827,460.948974609375,714.307006835938,18.0
[GLIDE],4.54999999999999,1.0,0.0,0.5,-1.0,7.04,54.3593708130368,75.173098440947,3.50388888888889,2.0091961312827,461.062408447266,714.389282226562,18.0
[VERBATIM] POLL: turnleft pressed - left turn
[GLIDE],4.56666666666666,1.0,0.0,0.5,-1.0,7.04,54.3593708130368,76.0790879544976,3.50388888888889,2.0091961312827,461.176300048828,714.4697265625,18.0
[GLIDE],4.58333333333332,1.0,0.0,0.5,-1.0,7.04,54.3593708130368,76.9850774680482,3.50388888888889,2.0091961312827,461.290618896484,714.548400878906,18.0
[VERBATIM] POLL: turnleft pressed - left turn
[GLIDE],4.59999999999999,1.0,0.0,0.5,-1.0,7.04,54.3593708130368,77.8910669815988,3.50388888888889,2.0091961312827,461.405334472656,714.625244140625,18.0
[GLIDE],4.61666666666666,1.0,0.0,0.5,-1.0,7.04,54.3593708130368,78.7970564951494,3.50388888888889,2.0091961312827,461.520446777344,714.700256347656,18.0
[VERBATIM] POLL: turnleft pressed - left turn
[GLIDE],4.63333333333332,1.0,0.0,0.5,-1.0,7.04,54.3593708130368,79.7030460087001,3.50388888888889,2.0091961312827,461.635894775391,714.773498535156,18.0
[GLIDE],4.64999999999999,1.0,0.0,0.5,-1.0,7.04,54.3593708130368,80.6090355222507,3.50388888888889,2.0091961312827,461.751647949219,714.844909667969,18.0
[VERBATIM] POLL: turnleft pressed - left turn
[GLIDE],4.66666666666666,1.0,0.0,0.5,-1.0,7.04,54.3593708130368,81.5150250358013,3.50388888888889,2.0091961312827,461.867706298828,714.914489746094,18.0
[GLIDE],4.68333333333332,1.0,0.0,0.5,-1.0,7.04,54.3593708130368,82.4210145493519,3.50388888888889,2.0091961312827,461.984008789062,714.982238769531,18.0
[VERBATIM] POLL: turnleft pressed - left turn
[GLIDE],4.69999999999999,1.0,0.0,0.5,-1.0,7.04,54.3593708130368,83.3270040629025,3.50388888888889,2.0091961312827,462.100555419922,715.048095703125,18.0
[GLIDE],4.71666666666666,1.0,0.0,0.5,-1.0,7.04,54.3593708130368,84.2329935764531,3.50388888888889,2.0091961312827,462.21728515625,715.112121582031,18.0
[VERBATIM] POLL: turnleft pressed - left turn
[GLIDE],4.73333333333332,1.0,0.0,0.5,-1.0,7.04,54.3593708130368,85.1389830900037,3.50388888888889,2.0091961312827,462.334197998047,715.17431640625,18.0
[GLIDE],4.74999999999999,1.0,0.0,0.5,-1.0,7.04,54.3593708130368,86.0449726035544,3.50388888888889,2.0091961312827,462.451263427734,715.234680175781,18.0
[VERBATIM] POLL: turnleft pressed - left turn
[GLIDE],4.76666666666666,1.0,0.0,0.5,-1.0,7.04,54.3593708130368,86.950962117105,3.50388888888889,2.0091961312827,462.568420410156,715.293151855469,18.0
[GLIDE],4.78333333333332,1.0,0.0,0.5,-1.0,7.04,54.3593708130368,87.8569516306556,3.50388888888889,2.0091961312827,462.685668945312,715.349792480469,18.0
[VERBATIM] POLL: turnleft pressed - left turn
[GLIDE],4.79999999999999,1.0,0.0,0.5,-1.0,7.04,54.3593708130368,88.7629411442062,3.50388888888889,2.0091961312827,462.802978515625,715.404602050781,18.0
[GLIDE],4.81666666666665,1.0,0.0,0.5,-1.0,7.04,54.3593708130368,89.6689306577568,3.50388888888889,2.0091961312827,462.920318603516,715.45751953125,18.0
[VERBATIM] POLL: turnleft pressed - left turn
[GLIDE],4.83333333333332,1.0,0.0,0.5,-1.0,7.04,54.3593708130368,90.5749201713074,3.50388888888889,2.0091961312827,463.037658691406,715.508605957031,18.0
[GLIDE],4.84999999999999,1.0,0.0,0.5,-1.0,7.04,54.3593708130368,91.480909684858,3.50388888888889,2.0091961312827,463.154937744141,715.557800292969,18.0
[VERBATIM] POLL: turnleft pressed - left turn
[GLIDE],4.86666666666665,1.0,0.0,0.5,-1.0,7.04,54.3593708130368,92.3868991984087,3.50388888888889,2.0091961312827,463.272155761719,715.605163574219,18.0
[GLIDE],4.88333333333332,1.0,0.0,0.5,-1.0,7.04,54.3593708130368,93.2928887119593,3.50388888888889,2.0091961312827,463.389282226562,715.650695800781,18.0
[GLIDE],4.89999999999999,1.0,0.0,0.5,-1.0,7.04,54.3593708130368,94.1988782255099,3.50388888888889,2.0091961312827,463.506286621094,715.6943359375,18.0
[VERBATIM] POLL: turnleft pressed - left turn
[GLIDE],4.91666666666665,1.0,0.0,0.5,-1.0,7.04,54.3593708130368,95.1048677390605,3.50388888888889,2.0091961312827,463.623168945312,715.736145019531,18.0
[GLIDE],4.93333333333332,1.0,0.0,0.5,-1.0,7.04,54.3593708130368,96.0108572526111,3.50388888888889,2.0091961312827,463.739868164062,715.776123046875,18.0
[VERBATIM] POLL: turnleft pressed - left turn
[GLIDE],4.94999999999999,1.0,0.0,0.5,-1.0,7.04,54.3593708130368,96.9168467661617,3.50388888888889,2.0091961312827,463.856353759766,715.814208984375,18.0
[GLIDE],4.96666666666665,1.0,0.0,0.5,-1.0,7.04,54.3593708130368,97.8228362797124,3.50388888888889,2.0091961312827,463.972595214844,715.850463867188,18.0
[VERBATIM] POLL: turnleft pressed - left turn
[GLIDE],4.98333333333332,1.0,0.0,0.5,-1.0,7.04,54.3593708130368,98.728825793263,3.50388888888889,2.0091961312827,464.088562011719,715.884887695312,18.0
[GLIDE],4.99999999999999,1.0,0.0,0.5,-1.0,7.04,54.3593708130368,99.6348153068136,3.50388888888889,2.0091961312827,464.204254150391,715.91748046875,18.0
[VERBATIM] POLL: turnleft pressed - left turn
[GLIDE],5.01666666666665,1.0,0.0,0.5,-1.0,7.04,54.3593708130368,100.540804820364,3.50388888888889,2.0091961312827,464.319610595703,715.9482421875,18.0
[GLIDE],5.03333333333332,1.0,0.0,0.5,-1.0,7.04,54.3593708130368,101.446794333915,3.50388888888889,2.0091961312827,464.434600830078,715.977172851562,18.0
[VERBATIM] POLL: turnleft pressed - left turn
[GLIDE],5.04999999999999,1.0,0.0,0.5,-1.0,7.04,54.3593708130368,102.352783847465,3.50388888888889,2.0091961312827,464.549224853516,716.004333496094,18.0
[GLIDE],5.06666666666665,1.0,0.0,0.5,-1.0,7.04,54.3593708130368,103.258773361016,3.50388888888889,2.0091961312827,464.663421630859,716.029663085938,18.0
[VERBATIM] POLL: turnleft pressed - left turn
[GLIDE],5.08333333333332,1.0,0.0,0.5,-1.0,7.04,54.3593708130368,104.164762874567,3.50388888888889,2.0091961312827,464.777191162109,716.05322265625,18.0
[GLIDE],5.09999999999999,1.0,0.0,0.5,-1.0,7.04,54.3593708130368,105.070752388117,3.50388888888889,2.0091961312827,464.890502929688,716.074951171875,18.0
[VERBATIM] POLL: turnleft pressed - left turn
[GLIDE],5.11666666666665,1.0,0.0,0.5,-1.0,7.04,54.3593708130368,105.976741901668,3.50388888888889,2.0091961312827,465.003295898438,716.094909667969,18.0
[GLIDE],5.13333333333332,1.0,0.0,0.5,-1.0,7.04,54.3593708130368,106.882731415219,3.50388888888889,2.0091961312827,465.115570068359,716.113098144531,18.0
[GLIDE],5.14999999999999,1.0,0.0,0.5,-1.0,7.04,54.3593708130368,107.788720928769,3.50388888888889,2.0091961312827,465.227294921875,716.129516601562,18.0
[VERBATIM] POLL: turnleft pressed - left turn
[GLIDE],5.16666666666665,1.0,0.0,0.5,-1.0,7.04,54.3593708130368,108.69471044232,3.50388888888889,2.0091961312827,465.338439941406,716.144165039062,18.0
[GLIDE],5.18333333333332,1.0,0.0,0.5,-1.0,7.04,54.3593708130368,109.60069995587,3.50388888888889,2.0091961312827,465.448974609375,716.157043457031,18.0
[VERBATIM] POLL: turnleft pressed - left turn
[GLIDE],5.19999999999999,1.0,0.0,0.5,-1.0,7.04,54.3593708130368,110.506689469421,3.50388888888889,2.0091961312827,465.558868408203,716.168212890625,18.0
[GLIDE],5.21666666666665,1.0,0.0,0.5,-1.0,7.04,54.3593708130368,111.412678982972,3.50388888888889,2.0091961312827,465.668090820312,716.177612304688,18.0
[VERBATIM] POLL: turnleft pressed - left turn
[GLIDE],5.23333333333332,1.0,0.0,0.5,-1.0,7.04,54.3593708130368,112.318668496522,3.50388888888889,2.0091961312827,465.776641845703,716.185302734375,18.0
[GLIDE],5.24999999999999,1.0,0.0,0.5,-1.0,7.04,54.3593708130368,113.224658010073,3.50388888888889,2.0091961312827,465.884460449219,716.191284179688,18.0
[VERBATIM] POLL: turnleft pressed - left turn
[GLIDE],5.26666666666665,1.0,0.0,0.5,-1.0,7.04,54.3593708130368,114.130647523623,3.50388888888889,2.0091961312827,465.991546630859,716.195556640625,18.0
[GLIDE],5.28333333333332,1.0,0.0,0.5,-1.0,7.04,54.3593708130368,115.036637037174,3.50388888888889,2.0091961312827,466.097869873047,716.198120117188,18.0
[GLIDE],5.29999999999999,1.0,0.0,0.5,-1.0,7.04,54.3593708130368,115.942626550725,3.50388888888889,2.0091961312827,466.203369140625,716.199035644531,18.0
[VERBATIM] POLL: turnleft pressed - left turn
[GLIDE],5.31666666666665,1.0,0.0,0.5,-1.0,7.04,54.3593708130368,116.848616064275,3.50388888888889,2.0091961312827,466.308044433594,716.208557128906,18.0
[GLIDE],5.33333333333332,1.0,0.0,0.5,-1.0,7.04,54.3593708130368,117.754605577826,3.50388888888889,2.0091961312827,466.411865234375,716.216430664062,18.0
[VERBATIM] POLL: turnleft pressed - left turn
[GLIDE],5.34999999999999,1.0,0.0,0.5,-1.0,7.04,54.3593708130368,118.660595091376,3.50388888888889,2.0091961312827,466.514831542969,716.22265625,18.0
[GLIDE],5.36666666666665,1.0,0.0,0.5,-1.0,7.04,54.3593708130368,119.566584604927,3.50388888888889,2.0091961312827,466.616882324219,716.227233886719,18.0
[VERBATIM] POLL: turnleft pressed - left turn
[GLIDE],5.38333333333332,1.0,0.0,0.5,-1.0,7.04,54.3593708130368,120.472574118478,3.50388888888889,2.0091961312827,466.718017578125,716.230224609375,18.0
[GLIDE],5.39999999999999,1.0,0.0,0.5,-1.0,7.04,54.3593708130368,121.378563632028,3.50388888888889,2.0091961312827,466.818176269531,716.231628417969,18.0
[VERBATIM] POLL: turnleft pressed - left turn
[GLIDE],5.41666666666665,1.0,0.0,0.5,-1.0,7.04,54.3593708130368,122.284553145579,3.50388888888889,2.0091961312827,466.917358398438,716.2314453125,18.0
[GLIDE],5.43333333333332,1.0,0.0,0.5,-1.0,7.04,54.3593708130368,123.19054265913,3.50388888888889,2.0091961312827,467.015563964844,716.229736328125,18.0
[GLIDE],5.44999999999999,1.0,0.0,0.5,-1.0,7.04,54.3593708130368,124.09653217268,3.50388888888889,2.0091961312827,467.112731933594,716.226440429688,18.0
[VERBATIM] POLL: turnleft pressed - left turn
[GLIDE],5.46666666666665,1.0,0.0,0.5,-1.0,7.04,54.3593708130368,125.002521686231,3.50388888888889,2.0091961312827,467.208831787109,716.221618652344,18.0
[GLIDE],5.48333333333332,1.0,0.0,0.5,-1.0,7.04,54.3593708130368,125.908511199781,3.50388888888889,2.0091961312827,467.303863525391,716.21533203125,18.0
[VERBATIM] POLL: turnleft pressed - left turn
[GLIDE],5.49999999999999,1.0,0.0,0.5,-1.0,7.04,54.3593708130368,126.814500713332,3.50388888888889,2.0091961312827,467.397796630859,716.20751953125,18.0
[GLIDE],5.51666666666665,1.0,0.0,0.5,-1.0,7.04,54.3593708130368,127.720490226883,3.50388888888889,2.0091961312827,467.490600585938,716.1982421875,18.0
[VERBATIM] POLL: turnleft pressed - left turn
[GLIDE],5.53333333333332,1.0,0.0,0.5,-1.0,7.04,54.3593708130368,128.626479740433,3.50388888888889,2.0091961312827,467.582275390625,716.1875,18.0
[GLIDE],5.54999999999999,1.0,0.0,0.5,-1.0,7.04,54.3593708130368,129.532469253984,3.50388888888889,2.0091961312827,467.672760009766,716.17529296875,18.0
[VERBATIM] POLL: turnleft pressed - left turn
[GLIDE],5.56666666666665,1.0,0.0,0.5,-1.0,7.04,54.3593708130368,130.438458767534,3.50388888888889,2.0091961312827,467.762054443359,716.161682128906,18.0
[GLIDE],5.58333333333332,1.0,0.0,0.5,-1.0,7.04,54.3593708130368,131.344448281085,3.50388888888889,2.0091961312827,467.850128173828,716.146667480469,18.0
[VERBATIM] POLL: turnleft pressed - left turn
[GLIDE],5.59999999999999,1.0,0.0,0.5,-1.0,7.04,54.3593708130368,132.250437794636,3.50388888888889,2.0091961312827,467.936981201172,716.130249023438,18.0
[GLIDE],5.61666666666665,1.0,0.0,0.5,-1.0,7.04,54.3593708130368,133.156427308186,3.50388888888889,2.0091961312827,468.022583007812,716.112487792969,18.0
[VERBATIM] POLL: turnleft pressed - left turn
[GLIDE],5.63333333333332,1.0,0.0,0.5,-1.0,7.04,54.3593708130368,134.062416821737,3.50388888888889,2.0091961312827,468.106903076172,716.093383789062,18.0
[GLIDE],5.64999999999999,1.0,0.0,0.5,-1.0,7.04,54.3593708130368,134.968406335288,3.50388888888889,2.0091961312827,468.189910888672,716.072937011719,18.0
[VERBATIM] POLL: turnleft pressed - left turn
[GLIDE],5.66666666666665,1.0,0.0,0.5,-1.0,7.04,54.3593708130368,135.874395848838,3.50388888888889,2.0091961312827,468.271606445312,716.051208496094,18.0
[GLIDE],5.68333333333332,1.0,0.0,0.5,-1.0,7.04,54.3593708130368,136.780385362389,3.50388888888889,2.0091961312827,468.351959228516,716.028198242188,18.0
[VERBATIM] POLL: turnleft pressed - left turn
[GLIDE],5.69999999999999,1.0,0.0,0.5,-1.0,7.04,54.3593708130368,137.686374875939,3.50388888888889,2.0091961312827,468.430938720703,716.00390625,18.0
[GLIDE],5.71666666666665,1.0,0.0,0.5,-1.0,7.04,54.3593708130368,138.59236438949,3.50388888888889,2.0091961312827,468.508544921875,715.978393554688,18.0
[VERBATIM] POLL: turnleft pressed - left turn
[GLIDE],5.73333333333332,1.0,0.0,0.5,-1.0,7.04,54.3593708130368,139.498353903041,3.50388888888889,2.0091961312827,468.584747314453,715.95166015625,18.0
[GLIDE],5.74999999999998,1.0,0.0,0.5,-1.0,7.04,54.3593708130368,140.404343416591,3.50388888888889,2.0091961312827,468.659545898438,715.923767089844,18.0
[VERBATIM] POLL: turnleft pressed - left turn
[GLIDE],5.76666666666665,1.0,0.0,0.5,-1.0,7.04,54.3593708130368,141.310332930142,3.50388888888889,2.0091961312827,468.732879638672,715.894653320312,18.0
[GLIDE],5.78333333333332,1.0,0.0,0.5,-1.0,7.04,54.3593708130368,142.216322443692,3.50388888888889,2.0091961312827,468.804779052734,715.864440917969,18.0
[VERBATIM] POLL: turnleft pressed - left turn
[GLIDE],5.79999999999998,1.0,0.0,0.5,-1.0,7.04,54.3593708130368,143.122311957243,3.50388888888889,2.0091961312827,468.875183105469,715.833068847656,18.0
[GLIDE],5.81666666666665,1.0,0.0,0.5,-1.0,7.04,54.3593708130368,144.028301470794,3.50388888888889,2.0091961312827,468.944091796875,715.800598144531,18.0
[VERBATIM] POLL: turnleft pressed - left turn
[GLIDE],5.83333333333332,1.0,0.0,0.5,-1.0,7.04,54.3593708130368,144.934290984344,3.50388888888889,2.0091961312827,469.011505126953,715.76708984375,18.0
[GLIDE],5.84999999999998,1.0,0.0,0.5,-1.0,7.04,54.3593708130368,145.840280497895,3.50388888888889,2.0091961312827,469.077392578125,715.732482910156,18.0
[VERBATIM] POLL: turnleft pressed - left turn
[GLIDE],5.86666666666665,1.0,0.0,0.5,-1.0,7.04,54.3593708130368,146.746270011446,3.50388888888889,2.0091961312827,469.141723632812,715.696838378906,18.0
[GLIDE],5.88333333333332,1.0,0.0,0.5,-1.0,7.04,54.3593708130368,147.652259524996,3.50388888888889,2.0091961312827,469.204498291016,715.660217285156,18.0
[GLIDE],5.89999999999998,1.0,0.0,0.5,-1.0,7.04,54.3593708130368,148.558249038547,3.50388888888889,2.0091961312827,469.265716552734,715.622619628906,18.0
[VERBATIM] POLL: turnleft pressed - left turn
[GLIDE],5.91666666666665,1.0,0.0,0.5,-1.0,7.04,54.3593708130368,149.464238552097,3.50388888888889,2.0091961312827,469.325317382812,715.584045410156,18.0
[GLIDE],5.93333333333332,1.0,0.0,0.5,-1.0,7.04,54.3593708130368,150.370228065648,3.50388888888889,2.0091961312827,469.383331298828,715.544555664062,18.0
[VERBATIM] POLL: turnleft pressed - left turn
[GLIDE],5.94999999999998,1.0,0.0,0.5,-1.0,7.04,54.3593708130368,151.276217579199,3.50388888888889,2.0091961312827,469.439727783203,715.504150390625,18.0
[GLIDE],5.96666666666665,1.0,0.0,0.5,-1.0,7.04,54.3593708130368,152.182207092749,3.50388888888889,2.0091961312827,469.494476318359,715.462890625,18.0
[VERBATIM] POLL: turnleft pressed - left turn
[GLIDE],5.98333333333332,1.0,0.0,0.5,-1.0,7.04,54.3593708130368,153.0881966063,3.50388888888889,2.0091961312827,469.547576904297,715.420776367188,18.0
[GLIDE],5.99999999999998,1.0,0.0,0.5,-1.0,7.04,54.3593708130368,153.99418611985,3.50388888888889,2.0091961312827,469.599029541016,715.377807617188,18.0
[VERBATIM] POLL: turnleft pressed - left turn
[GLIDE],6.01666666666665,1.0,0.0,0.5,-1.0,7.04,54.3593708130368,154.900175633401,3.50388888888889,2.0091961312827,469.648803710938,715.334045410156,18.0
[GLIDE],6.03333333333332,1.0,0.0,0.5,-1.0,7.04,54.3593708130368,155.806165146952,3.50388888888889,2.0091961312827,469.696899414062,715.289489746094,18.0
[VERBATIM] POLL: turnleft pressed - left turn
[GLIDE],6.04999999999998,1.0,0.0,0.5,-1.0,7.04,54.3593708130368,156.712154660502,3.50388888888889,2.0091961312827,469.743286132812,715.244201660156,18.0
[GLIDE],6.06666666666665,1.0,0.0,0.5,-1.0,7.04,54.3593708130368,157.618144174053,3.50388888888889,2.0091961312827,469.787963867188,715.198181152344,18.0
[VERBATIM] POLL: turnleft pressed - left turn
[GLIDE],6.08333333333332,1.0,0.0,0.5,-1.0,7.04,54.3593708130368,158.524133687604,3.50388888888889,2.0091961312827,469.830932617188,715.151489257812,18.0
[GLIDE],6.09999999999998,1.0,0.0,0.5,-1.0,7.04,54.3593708130368,159.430123201154,3.50388888888889,2.0091961312827,469.872161865234,715.104125976562,18.0
[GLIDE],6.11666666666665,1.0,0.0,0.5,-1.0,7.04,54.3593708130368,160.336112714705,3.50388888888889,2.0091961312827,469.911651611328,715.05615234375,18.0
[VERBATIM] POLL: turnleft pressed - left turn
[GLIDE],6.13333333333332,1.0,0.0,0.5,-1.0,7.04,54.3593708130368,161.242102228255,3.50388888888889,2.0091961312827,469.949371337891,715.007568359375,18.0
[GLIDE],6.14999999999998,1.0,0.0,0.5,-1.0,7.04,54.3593708130368,162.148091741806,3.50388888888889,2.0091961312827,469.9853515625,714.958374023438,18.0
[VERBATIM] POLL: turnleft pressed - left turn
[GLIDE],6.16666666666665,1.0,0.0,0.5,-1.0,7.04,54.3593708130368,163.054081255357,3.50388888888889,2.0091961312827,470.019561767578,714.908630371094,18.0
[GLIDE],6.18333333333332,1.0,0.0,0.5,-1.0,7.04,54.3593708130368,163.960070768907,3.50388888888889,2.0091961312827,470.051971435547,714.858337402344,18.0
[VERBATIM] POLL: turnleft pressed - left turn
[GLIDE],6.19999999999998,1.0,0.0,0.5,-1.0,7.04,54.3593708130368,164.866060282458,3.50388888888889,2.0091961312827,470.082611083984,714.807556152344,18.0
[GLIDE],6.21666666666665,1.0,0.0,0.5,-1.0,7.04,54.3593708130368,165.772049796008,3.50388888888889,2.0091961312827,470.111450195312,714.75634765625,18.0
[GLIDE],6.23333333333332,1.0,0.0,0.5,-1.0,7.04,54.3593708130368,166.678039309559,3.50388888888889,2.0091961312827,470.138488769531,714.704650878906,18.0
[VERBATIM] POLL: turnleft pressed - left turn
[GLIDE],6.24999999999998,1.0,0.0,0.5,-1.0,7.04,54.3593708130368,167.58402882311,3.50388888888889,2.0091961312827,470.163726806641,714.652587890625,18.0
[GLIDE],6.26666666666665,1.0,0.0,0.5,-1.0,7.04,54.3593708130368,168.49001833666,3.50388888888889,2.0091961312827,470.187133789062,714.60009765625,18.0
[VERBATIM] POLL: turnleft pressed - left turn
[GLIDE],6.28333333333332,1.0,0.0,0.5,-1.0,7.04,54.3593708130368,169.396007850211,3.50388888888889,2.0091961312827,470.208740234375,714.547241210938,18.0
[GLIDE],6.29999999999998,1.0,0.0,0.5,-1.0,7.04,54.3593708130368,170.301997363762,3.50388888888889,2.0091961312827,470.228515625,714.494079589844,18.0
[VERBATIM] POLL: turnleft pressed - left turn
[GLIDE],6.31666666666665,1.0,0.0,0.5,-1.0,7.04,54.3593708130368,171.207986877312,3.50388888888889,2.0091961312827,470.246459960938,714.440612792969,18.0
[GLIDE],6.33333333333332,1.0,0.0,0.5,-1.0,7.04,54.3593708130368,172.113976390863,3.50388888888889,2.0091961312827,470.262573242188,714.386901855469,18.0
[VERBATIM] POLL: turnleft pressed - left turn
[GLIDE],6.34999999999998,1.0,0.0,0.5,-1.0,7.04,54.3593708130368,173.019965904413,3.50388888888889,2.0091961312827,470.276824951172,714.332946777344,18.0
[GLIDE],6.36666666666665,1.0,0.0,0.5,-1.0,7.04,54.3593708130368,173.925955417964,3.50388888888889,2.0091961312827,470.289245605469,714.278747558594,18.0
[GLIDE],6.38333333333332,1.0,0.0,0.5,-1.0,7.04,54.3593708130368,174.831944931515,3.50388888888889,2.0091961312827,470.2998046875,714.224365234375,18.0
[VERBATIM] POLL: turnleft pressed - left turn
[GLIDE],6.39999999999998,1.0,0.0,0.5,-1.0,7.04,54.3593708130368,175.737934445065,3.50388888888889,2.0091961312827,470.308532714844,714.169860839844,18.0
[GLIDE],6.41666666666665,1.0,0.0,0.5,-1.0,7.04,54.3593708130368,176.643923958616,3.50388888888889,2.0091961312827,470.315399169922,714.115234375,18.0
[VERBATIM] POLL: turnleft pressed - left turn
[GLIDE],6.43333333333332,1.0,0.0,0.5,-1.0,7.04,54.3593708130368,177.549913472166,3.50388888888889,2.0091961312827,470.320404052734,714.060485839844,18.0
[GLIDE],6.44999999999998,1.0,0.0,0.5,-1.0,7.04,54.3593708130368,178.455902985717,3.50388888888889,2.0091961312827,470.323577880859,714.005676269531,18.0
[VERBATIM] POLL: turnleft pressed - left turn
[GLIDE],6.46666666666665,1.0,0.0,0.5,-1.0,7.04,54.3593708130368,179.361892499268,3.50388888888889,2.0091961312827,470.324890136719,713.950866699219,18.0
[GLIDE],6.48333333333332,1.0,0.0,0.5,-1.0,7.04,54.3593708130368,-179.732117987182,3.50388888888889,2.0091961312827,470.324340820312,713.896057128906,18.0
[VERBATIM] POLL: turnleft pressed - left turn
[GLIDE],6.49999999999998,1.0,0.0,0.5,-1.0,7.04,54.3593708130368,-178.826128473631,3.50388888888889,2.0091961312827,470.321929931641,713.841247558594,18.0
[GLIDE],6.51666666666665,1.0,0.0,0.5,-1.0,7.04,54.3593708130368,-177.92013896008,3.50388888888889,2.0091961312827,470.317657470703,713.786499023438,18.0
[VERBATIM] POLL: turnleft pressed - left turn
[GLIDE],6.53333333333332,1.0,0.0,0.5,-1.0,7.04,54.3593708130368,-177.01414944653,3.50388888888889,2.0091961312827,470.311553955078,713.731811523438,18.0
[GLIDE],6.54999999999998,1.0,0.0,0.5,-1.0,7.04,54.3593708130368,-176.108159932979,3.50388888888889,2.0091961312827,470.303588867188,713.67724609375,18.0
[VERBATIM] POLL: turnleft pressed - left turn
[GLIDE],6.56666666666665,1.0,0.0,0.5,-1.0,7.04,54.3593708130368,-175.202170419429,3.50388888888889,2.0091961312827,470.293762207031,713.622802734375,18.0
[GLIDE],6.58333333333332,1.0,0.0,0.5,-1.0,7.04,54.3593708130368,-174.296180905878,3.50388888888889,2.0091961312827,470.282104492188,713.568542480469,18.0
[VERBATIM] POLL: turnleft pressed - left turn
[GLIDE],6.59999999999998,1.0,0.0,0.5,-1.0,7.04,54.3593708130368,-173.390191392327,3.50388888888889,2.0091961312827,470.268585205078,713.514465332031,18.0
[GLIDE],6.61666666666665,1.0,0.0,0.5,-1.0,7.04,54.3593708130368,-172.484201878777,3.50388888888889,2.0091961312827,470.253234863281,713.460632324219,18.0
[VERBATIM] POLL: turnleft pressed - left turn
[GLIDE],6.63333333333332,1.0,0.0,0.5,-1.0,7.04,54.3593708130368,-171.578212365226,3.50388888888889,2.0091961312827,470.236053466797,713.407043457031,18.0
[GLIDE],6.64999999999998,1.0,0.0,0.5,-1.0,7.04,54.3593708130368,-170.672222851676,3.50388888888889,2.0091961312827,470.217041015625,713.353759765625,18.0
[VERBATIM] POLL: turnleft pressed - left turn
[GLIDE],6.66666666666665,1.0,0.0,0.5,-1.0,7.04,54.3593708130368,-169.766233338125,3.50388888888889,2.0091961312827,470.196197509766,713.30078125,18.0
[GLIDE],6.68333333333331,1.0,0.0,0.5,-1.0,7.04,54.3593708130368,-168.860243824574,3.50388888888889,2.0091961312827,470.173522949219,713.248168945312,18.0
[VERBATIM] POLL: turnleft pressed - left turn
[GLIDE],6.69999999999998,1.0,0.0,0.5,-1.0,7.04,54.3593708130368,-167.954254311024,3.50388888888889,2.0091961312827,470.149047851562,713.195922851562,18.0
[GLIDE],6.71666666666665,1.0,0.0,0.5,-1.0,7.04,54.3593708130368,-167.048264797473,3.50388888888889,2.0091961312827,470.122741699219,713.144104003906,18.0
[VERBATIM] POLL: turnleft pressed - left turn
[GLIDE],6.73333333333331,1.0,0.0,0.5,-1.0,7.04,54.3593708130368,-166.142275283923,3.50388888888889,2.0091961312827,470.094635009766,713.092712402344,18.0
[GLIDE],6.74999999999998,1.0,0.0,0.5,-1.0,7.04,54.3593708130368,-165.236285770372,3.50388888888889,2.0091961312827,470.064727783203,713.041748046875,18.0
[GLIDE],6.76666666666665,1.0,0.0,0.5,-1.0,7.04,54.3593708130368,-164.330296256821,3.50388888888889,2.0091961312827,470.033050537109,712.991271972656,18.0
[VERBATIM] POLL: turnleft pressed - left turn
[GLIDE],6.78333333333331,1.0,0.0,0.5,-1.0,7.04,54.3593708130368,-163.424306743271,3.50388888888889,2.0091961312827,469.999572753906,712.941284179688,18.0
[GLIDE],6.79999999999998,1.0,0.0,0.5,-1.0,7.04,54.3593708130368,-162.51831722972,3.50388888888889,2.0091961312827,469.964324951172,712.891845703125,18.0
[VERBATIM] POLL: turnleft pressed - left turn
[GLIDE],6.81666666666665,1.0,0.0,0.5,-1.0,7.04,54.3593708130368,-161.612327716169,3.50388888888889,2.0091961312827,469.927307128906,712.843017578125,18.0
[GLIDE],6.83333333333331,1.0,0.0,0.5,-1.0,7.04,54.3593708130368,-160.706338202619,3.50388888888889,2.0091961312827,469.888549804688,712.794799804688,18.0
[VERBATIM] POLL: turnleft pressed - left turn
[GLIDE],6.84999999999998,1.0,0.0,0.5,-1.0,7.04,54.3593708130368,-159.800348689068,3.50388888888889,2.0091961312827,469.848022460938,712.747192382812,18.0
[GLIDE],6.86666666666665,1.0,0.0,0.5,-1.0,7.04,54.3593708130368,-158.894359175518,3.50388888888889,2.0091961312827,469.805786132812,712.700256347656,18.0
[VERBATIM] POLL: turnleft pressed - left turn
[GLIDE],6.88333333333331,1.0,0.0,0.5,-1.0,7.04,54.3593708130368,-157.988369661967,3.50388888888889,2.0091961312827,469.761810302734,712.653991699219,18.0
[GLIDE],6.89999999999998,1.0,0.0,0.5,-1.0,7.04,54.3593708130368,-157.082380148416,3.50388888888889,2.0091961312827,469.716125488281,712.6083984375,18.0
[VERBATIM] POLL: turnleft pressed - left turn
[GLIDE],6.91666666666665,0.99777777777778,0.0,0.49888888888889,-0.99777777777778,7.0488,54.264139214966,-156.177977828167,3.5031435646072,2.01213563475249,469.668670654297,712.563415527344,18.0
[GLIDE],6.93333333333331,0.99346790123457,0.0,0.49673395061728,-0.99346790123457,7.06586711111111,54.0791182005386,-155.276659191491,3.50173645347923,2.01781807539818,469.619415283203,712.518920898438,18.0
[GLIDE],6.94999999999998,0.98720172770919,0.0,0.4936008638546,-0.98720172770919,7.09068115827161,53.8093500976988,-154.379836689863,3.49978076571264,2.02603580993959,469.568328857422,712.474853515625,18.0
[GLIDE],6.96666666666665,0.97910729935566,0.0,0.48955364967783,-0.97910729935566,7.12273509455158,53.4595325542719,-153.488844480625,3.49741184693498,2.03657315931886,469.515350341797,712.43115234375,18.0
[GLIDE],6.98333333333331,0.96930925199085,0.0,0.48465462599543,-0.96930925199085,7.16153536211621,53.0340680992025,-152.604943345638,3.49478030805865,2.04920902913478,469.460418701172,712.3876953125,18.0
[GLIDE],6.99999999999998,0.95792873682901,0.0,0.47896436841451,-0.95792873682901,7.2066022021571,52.5371083425081,-151.729324873263,3.49204586374865,2.06371923031416,469.403533935547,712.344421386719,18.0
[GLIDE],7.01666666666665,0.94508335452533,0.0,0.47254167726266,-0.94508335452533,7.2574699160797,51.9725930842964,-150.863114988525,3.48937189875861,2.07987859323955,469.344635009766,712.30126953125,18.0
[GLIDE],7.03333333333331,0.93088710095708,0.0,0.46544355047854,-0.93088710095708,7.31368708020997,51.3442846177935,-150.007376911562,3.48692076257105,2.0974629417209,469.28369140625,712.258178710938,18.0
[GLIDE],7.04999999999998,0.91545032417818,0.0,0.45772516208909,-0.91545032417818,7.37481671625439,50.6557975217016,-149.163113619533,3.48484977711276,2.11625096860403,469.220672607422,712.215148925781,18.0
[GLIDE],7.06666666666665,0.898879691991,0.0,0.4494398459955,-0.898879691991,7.44043641971566,49.910624243744,-148.331269882138,3.48330792963603,2.13602603330367,469.155578613281,712.172119140625,18.0
[GLIDE],7.08333333333331,0.88127816958808,0.0,0.44063908479404,-0.88127816958808,7.51013844843121,49.1121567803375,-147.512733935799,3.48243321293391,2.15657788368725,469.088348388672,712.129028320312,18.0
[GLIDE],7.09999999999998,0.86274500672625,0.0,0.43137250336312,-0.86274500672625,7.58352977336406,48.2637047573198,-146.70833885651,3.48235056764013,2.17770429084145,469.018981933594,712.085876464844,18.0
[GLIDE],7.11666666666665,0.8433757339053,0.0,0.42168786695265,-0.8433757339053,7.66023209373501,47.3685102139138,-145.918863686278,3.48317037618145,2.19921257545053,468.947448730469,712.042663574219,18.0
[GLIDE],7.13333333333331,0.82326216703467,0.0,0.41163108351734,-0.82326216703467,7.7398818185427,46.4297593869579,-145.145034363162,3.48498745472583,2.22092099873903,468.873718261719,711.999328613281,18.0
[GLIDE],7.14999999999998,0.80249242008253,0.0,0.40124621004127,-0.80249242008253,7.82213001647318,45.4505917851964,-144.387524500076,3.4878804879337,2.24265998893419,468.797790527344,711.955871582031,18.0
[GLIDE],7.16666666666665,0.78115092521353,0.0,0.39057546260676,-0.78115092521353,7.90664233615443,44.4341068344011,-143.646956052836,3.49191185120802,2.26427317557262,468.719665527344,711.912231445312,18.0
[GLIDE],7.18333333333331,0.75931845993363,0.0,0.37965922996681,-0.75931845993363,7.99309889866283,43.3833683635781,-142.923899913443,3.49712776620571,2.28561820814889,468.639343261719,711.868469238281,18.0
[GLIDE],7.19999999999998,0.73707218077298,0.0,0.36853609038649,-0.73707218077298,8.08119416413898,42.3014071907536,-142.218876460263,3.50355873738926,2.30656734191385,468.556823730469,711.824523925781,18.0
[GLIDE],7.21666666666665,0.71448566305055,0.0,0.35724283152527,-0.71448566305055,8.17063677431983,41.1912220540797,-141.532356092695,3.51122022015386,2.32700778134668,468.472106933594,711.780395507812,18.0
[GLIDE],7.23333333333331,0.69162894627736,0.0,0.34581447313868,-0.69162894627736,8.26114937274164,40.0557791204849,-140.864759774021,3.52011347437608,2.34684178020877,468.385192871094,711.736083984375,18.0
[GLIDE],7.24999999999998,0.66856858476866,0.0,0.33428429238433,-0.66856858476866,8.35246840431609,38.8980102900138,-140.21645960252,3.530226560928,2.36598650544413,468.296112060547,711.691589355469,18.0
[GLIDE],7.26666666666665,0.64536770304849,0.0,0.32268385152424,-0.64536770304849,8.44434389592799,37.7208104995487,-139.587779427528,3.54153544264251,2.38437367991643,468.204864501953,711.646911621094,18.0
[GLIDE],7.28333333333331,0.6220860556441,0.0,0.31104302782205,-0.6220860556441,8.53653921964936,36.5270342149538,-138.978995523945,3.55400515527729,2.40194902558697,468.111480712891,711.60205078125,18.0
[GLIDE],7.29999999999998,0.59878009088132,0.0,0.29939004544066,-0.59878009088132,8.62883084010998,35.3194912859804,-138.390337335846,3.56759101810086,2.418671533909,468.015991210938,711.557006835938,18.0
[GLIDE],7.31666666666665,0.57550301830552,0.0,0.28775150915276,-0.57550301830552,8.72100804751015,34.1009423236566,-137.821988297118,3.58223985772996,2.43451259375931,467.918395996094,711.511779785156,18.0
[CTRL] pressed=turnright  key=E  state=2  deployed=true  alt_m=1821.6
[GLIDE],7.33333333333331,0.55230487936707,0.00140219907407,0.27685353922057,-0.550902680293,8.80731996937307,32.7817253145256,-137.275626208543,3.59691574746784,2.44857555409054,467.818817138672,711.466430664062,18.0
[GLIDE],7.34999999999998,0.52923262102366,0.00413499646348,0.26668380874357,-0.52509762456018,8.88786423475094,31.3693342525737,-136.752803971,3.61143183658831,2.46103613107294,467.717315673828,711.421020507812,18.0
[VERBATIM] POLL: turnright pressed - right turn
[GLIDE],7.36666666666665,0.50633017192579,0.00812801123525,0.25722909158052,-0.49820216069054,8.96274559468231,29.871227350839,-136.254950181819,3.62562554485397,2.47205495542792,467.614013671875,711.375610351562,18.0
[GLIDE],7.38333333333331,0.48363852086545,0.01331216752777,0.24847534419661,-0.47032635333768,9.03207527396284,28.2947955811541,-135.783370255467,3.63935671012043,2.48177796060666,467.509033203125,711.330200195312,18.0
[GLIDE],7.39999999999998,0.46119579718171,0.01961977192354,0.24040778455263,-0.44157602525818,9.0959703463432,26.6473335706177,-135.33924802929,3.65250581483688,2.49033699259132,467.402465820312,711.284851074219,18.0
[VERBATIM] POLL: turnright pressed - right turn
[GLIDE],7.41666666666665,0.43903735283024,0.02698458323639,0.23301096803331,-0.41205276959385,9.15455313317617,24.9360128817678,-134.923647814593,3.66497229709494,2.49785056777443,467.29443359375,711.239624023438,18.0
[GLIDE],7.43333333333331,0.41719584583742,0.03534187500065,0.22626886041903,-0.38185397083677,9.20795062548126,23.1678576814135,-134.537516853237,3.67667294947779,2.50442472093937,467.18505859375,711.194458007812,18.0
[VERBATIM] POLL: turnright pressed - right turn
[GLIDE],7.44999999999998,0.39570132487287,0.04462849094903,0.22016490791095,-0.35107283392384,9.25629392934527,21.3497227833031,-134.181688140181,3.68754040701069,2.51015389871996,467.074432373047,711.1494140625,18.0
[GLIDE],7.46666666666665,0.3745813146871,0.05478289376498,0.21468210422604,-0.31979842092211,9.29971773452977,19.4882740322063,-133.856883572978,3.69752172396184,2.51512186507596,466.962677001953,711.104553222656,18.0
[VERBATIM] POLL: turnright pressed - right turn
[GLIDE],7.48333333333331,0.35386090217396,0.06574520739349,0.20980305478373,-0.28811569478048,9.33835980611289,17.5899709814681,-133.563717389954,3.70657703803968,2.51940259443568,466.849914550781,711.059814453125,18.0
[GLIDE],7.49999999999998,0.33356282283038,0.07745725319205,0.20551003801121,-0.25610556963833,9.37236049895119,15.6610518025677,-133.302699859911,3.71467831962835,2.52306113544951,466.736236572266,711.015197753906,18.0
[VERBATIM] POLL: turnright pressed - right turn
[GLIDE],7.51666666666665,0.31370754739777,0.08986258020082,0.2017850637993,-0.22384496719695,9.40186229470958,13.7075203535868,-133.074241187351,3.72180820305204,2.52615443401937,466.621765136719,710.970703125,18.0
[GLIDE],7.53333333333331,0.29431336848229,0.10290648980771,0.198609929145,-0.19140687867458,9.42700936117161,11.7351353236432,-132.878655598624,3.72795889641639,2.52873210867041,466.506622314453,710.92626953125,18.0
[VERBATIM] POLL: turnright pressed - right turn
[GLIDE],7.54999999999998,0.27539648696247,0.11653605508055,0.19596627102151,-0.15886043188192,9.44794713350963,9.74940136218673,-132.71616557592,3.73313116630305,2.53083717464608,466.390930175781,710.881958007812,18.0
[GLIDE],7.56666666666665,0.25697109800473,0.13070013503452,0.19383561651962,-0.12627096297021,9.46482191716458,7.75556209545188,-132.586906207663,3.73733339345643,2.53250671554649,466.274780273438,710.837707519531,18.0
[VERBATIM] POLL: turnright pressed - right turn
[GLIDE],7.58333333333331,0.2390494765184,0.1453493840985,0.19219943030845,-0.09370009241989,9.47778051195707,5.75859492722608,-132.490929625542,3.74058069556944,2.53377250307235,466.158294677734,710.793518066406,18.0
[GLIDE],7.59999999999998,0.22164206189317,0.16043625703946,0.19103915946632,-0.06120580485371,9.48696985702676,3.76320751728915,-132.428209500254,3.74289411332208,2.53466156663631,466.041595458984,710.749328613281,18.0
[VERBATIM] POLL: turnright pressed - right turn
[GLIDE],7.61666666666664,0.20475754187244,0.17591500959878,0.19033627573561,-0.02884253227366,9.49253669617399,1.7738358283166,-132.398645569782,3.74429985593199,2.53519671538465,465.924774169922,710.705139160156,18.0
[GLIDE],7.63333333333331,0.18840293542652,0.19174169508932,0.19007231525792,0.0033387596628,9.49462726315725,-0.20535636940674,-132.402068175939,3.74482860262061,2.53539701563723,465.807922363281,710.660949707031,18.0
[VERBATIM] POLL: turnright pressed - right turn
[GLIDE],7.64999999999998,0.17258367450012,0.20787415719642,0.19022891584827,0.0352904826963,9.49338698648169,-2.17047664654499,-132.438242786715,3.74451485657024,2.53527822698428,465.691162109375,710.61669921875,18.0
[GLIDE],7.66666666666664,0.15730368451776,0.22427201922017,0.19078785186896,0.06696833470241,9.4889602131978,-4.11790182714239,-132.506874483834,3.74339634813349,2.53485320033747,465.574584960938,710.572326660156,18.0
[VERBATIM] POLL: turnright pressed - right turn
[GLIDE],7.68333333333331,0.14256546354099,0.24089666999056,0.19173106676578,0.09833120644957,9.48148995121503,-6.04427477423606,-132.607612396738,3.74151348424963,2.53413224117154,465.458282470703,710.52783203125,18.0
[GLIDE],7.69999999999998,0.12837015998,0.25771124668085,0.19304070333043,0.12934108670085,9.471117629623,-7.94650015595217,-132.740054066004,3.73890884121565,2.53312344104747,465.342346191406,710.483215332031,18.0
[VERBATIM] POLL: turnright pressed - right turn
[GLIDE],7.71666666666664,0.11471764877123,0.27297228140492,0.19384496508807,0.15825463263369,9.46474787650246,-9.71996485364511,-132.902053480231,3.73731489016404,2.53249944269134,465.226806640625,710.438354492188,18.0
[GLIDE],7.73333333333331,0.10160660594125,0.28673648403362,0.19417154498744,0.18512987809237,9.4621613636995,-11.3692422454012,-133.091540850988,3.73666886338231,2.53224508503402,465.111633300781,710.393127441406,18.0
[GLIDE],7.74999999999998,0.08903458148538,0.29906058265558,0.19404758207048,0.2100260011702,9.46314315000182,-12.8987695825667,-133.306520344031,3.7369139989395,2.53234170031405,464.996856689453,710.347473144531,18.0
[GLIDE],7.76666666666664,0.07699807049724,0.31000119645202,0.19349963347463,0.23300312595479,9.46748290288094,-14.3128565412861,-133.545067953052,3.7379987748314,2.53276779185354,464.882476806641,710.30126953125,18.0
[GLIDE],7.78333333333331,0.06549258249341,0.31961471622933,0.19255364936137,0.25412213373592,9.47497509705794,-15.6156934532872,-133.805329510607,3.7398761924548,2.53349966936705,464.768524169922,710.254455566406,18.0
[GLIDE],7.79999999999998,0.05451270888427,0.32795719242801,0.19123495065614,0.27344448354375,9.48541919080337,-16.8113591436783,-134.085518829668,3.74250311401691,2.53451203695124,464.654968261719,710.206970214844,18.0
[GLIDE],7.81666666666664,0.04405218854925,0.33508423042082,0.18956820948503,0.29103204187157,9.49861978087854,-17.9038283180895,-134.383915968303,3.74583965687729,2.53577853057304,464.541839599609,710.158752441406,18.0
[GLIDE],7.83333333333331,0.03410397148144,0.34105089290755,0.1875774321945,0.30694692142611,9.51438673701958,-18.8969784548311,-134.698865609217,3.74984864639165,2.53727220328611,464.429138183594,710.109741210938,18.0
[GLIDE],7.84999999999998,0.02466028047263,0.34591160920944,0.18528594484103,0.32125132873681,9.53253531685903,-19.7945961698656,-135.028775545381,3.75449512758173,2.53896595758774,464.316864013672,710.059814453125,18.0
[GLIDE],7.86666666666664,0.01571267081606,0.34972009126213,0.18271638103909,0.33400742044607,9.55288626217038,-20.6003830333296,-135.372115262603,3.75974593489013,2.5408329253103,464.205017089844,710.009033203125,18.0
[GLIDE],7.88333333333331,0.00725208800986,0.35252925610339,0.17989067205663,0.34527716809353,9.57526587731152,-21.3179608261427,-135.727414609706,3.76556931838756,2.54284679624798,464.093627929688,709.957275390625,18.0
[GLIDE],7.89999999999998,0.0,0.35439115464868,0.17719557732434,0.35439115464868,9.59661102759122,-21.9026993300783,-136.09245959854,3.77117125287001,2.54472957712748,463.982696533203,709.904541015625,18.0
[GLIDE],7.91666666666664,0.0,0.35535690654628,0.17767845327314,0.35535690654628,9.59278665007674,-21.9584292029988,-136.45843341859,3.77016414720296,2.54439495882255,463.87255859375,709.851135253906,18.0
[GLIDE],7.93333333333331,0.0,0.35547664090197,0.17773832045098,0.35547664090197,9.59231250202821,-21.9653371191153,-136.824522370576,3.77003938954479,2.5443533902139,463.76318359375,709.797058105469,18.0
[GLIDE],7.94999999999998,0.0,0.35479944266268,0.17739972133134,0.35479944266268,9.59499420705579,-21.9262627046678,-137.18996008232,3.77074530018626,2.54458825595614,463.654510498047,709.742248535156,18.0
[GLIDE],7.96666666666664,0.0,0.3533733044481,0.17668665222405,0.3533733044481,9.60064171438552,-21.8439397812758,-137.554025745341,3.77223429843402,2.54508096656962,463.546508789062,709.686645507812,18.0
[GLIDE],7.98333333333331,0.0,0.35124508361949,0.17562254180974,0.35124508361949,9.60906946886682,-21.7210023604368,-137.916042451349,3.77446235280957,2.54581144827532,463.439178466797,709.630310058594,18.0
[GLIDE],7.99999999999998,0.0,0.34846046437561,0.17423023218781,0.34846046437561,9.62009656107257,-21.5599901099672,-138.275375619848,3.77738847631307,2.54675859297964,463.332458496094,709.573120117188,18.0
[GLIDE],8.01666666666664,0.0,0.3450639246668,0.1725319623334,0.3450639246668,9.63354685831948,-21.3633533116652,-138.631431508376,3.78097426825497,2.54790066655641,463.226348876953,709.51513671875,18.0
[GLIDE],8.03333333333331,0.0,0.34109870771951,0.17054935385976,0.34109870771951,9.64924911743073,-21.1334573326995,-138.983655797254,3.78518350314812,2.5492156745916,463.120819091797,709.456298828125,18.0
[GLIDE],8.04999999999998,0.0,0.33660679796589,0.16830339898294,0.33660679796589,9.66703708005509,-20.8725866358216,-139.331532241185,3.78998176628218,2.55068168561087,463.015808105469,709.396606445312,18.0
[GLIDE],8.06666666666665,0.0,0.33162890117463,0.16581445058732,0.33162890117463,9.68674955134846,-20.5829483555242,-139.674581380443,3.79533613486775,2.55227711252142,462.911346435547,709.335998535156,18.0
[GLIDE],8.08333333333331,0.0,0.32620442858248,0.16310221429124,0.32620442858248,9.70823046281339,-20.2666754687557,-140.012359304923,3.80121490303211,2.5539809535813,462.807373046875,709.274536132812,18.0
[GLIDE],8.09999999999998,0.0,0.32037148482802,0.16018574241401,0.32037148482802,9.73132892008105,-19.9258295898203,-140.344456464753,3.80758734846455,2.55577299467741,462.703857421875,709.212158203125,18.0
[GLIDE],8.11666666666665,0.0,0.31416685949295,0.15708342974647,0.31416685949295,9.75589923640792,-19.5624034196708,-140.670496521747,3.81442353813657,2.55763397506033,462.600799560547,709.148864746094,18.0
[GLIDE],8.13333333333332,0.0,0.30762602205911,0.15381301102955,0.30762602205911,9.78180095264593,-19.1783228800012,-140.990135236414,3.82169417025124,2.55954571896131,462.498168945312,709.084655761719,18.0
[GLIDE],8.14999999999998,0.0,0.30078312009322,0.15039156004661,0.30078312009322,9.80889884443084,-18.7754489623945,-141.303059385787,3.82937044939561,2.56149123571447,462.395965576172,709.019592285156,18.0
[GLIDE],8.16666666666665,0.0,0.29367098047514,0.14683549023757,0.29367098047514,9.83706291731845,-18.3555793223385,-141.608985707826,3.83742399176911,2.5634547911354,462.294158935547,708.95361328125,18.0
[GLIDE],8.18333333333332,0.0,0.28632111348928,0.14316055674464,0.28632111348928,9.86616839058247,-17.9204496472107,-141.907659868613,3.8458267573296,2.56542195297252,462.192718505859,708.88671875,18.0
[GLIDE],8.19999999999999,0.0,0.27876371960317,0.13938185980158,0.27876371960317,9.89609567037146,-17.4717348263998,-142.198855449053,3.85455100572576,2.56737961326008,462.091613769531,708.818908691406,18.0
[GLIDE],8.21666666666665,0.0,0.2710276987613,0.13551384938065,0.2710276987613,9.92673031290526,-17.0110499506152,-142.48237294823,3.86356927296118,2.56931599036584,461.990844726562,708.750183105469,18.0
[GLIDE],8.23333333333332,0.0,0.26314066202685,0.13157033101342,0.26314066202685,9.95796297837369,-16.5399511661546,-142.758038800999,3.87285436585129,2.57122061345181,461.890411376953,708.680541992188,18.0
[GLIDE],8.24999999999999,0.0,0.25512894540851,0.12756447270426,0.25512894540851,9.9896893761823,-16.0599364085009,-143.025704407808,3.88237937148261,2.57308429195765,461.790283203125,708.610046386719,18.0
[GLIDE],8.26666666666666,0.0,0.24701762571423,0.12350881285711,0.24701762571423,10.0218102021717,-15.5724460381231,-143.28524517511,3.89211767905486,2.57489907258028,461.6904296875,708.538635253906,18.0
[GLIDE],8.28333333333332,0.0,0.2388305382783,0.11941526913915,0.2388305382783,10.0542310684179,-15.0788633997821,-143.536559565106,3.90204301167554,2.57665818606665,461.590850830078,708.466369628906,18.0
[GLIDE],8.29999999999999,0.0,0.23059029641329,0.11529514820665,0.23059029641329,10.0868624262034,-14.5805153250315,-143.779568153857,3.91212946587604,2.57835598596291,461.491516113281,708.393249511719,18.0
[GLIDE],8.31666666666666,0.0,0.22231831244283,0.11115915622141,0.22231831244283,10.1196194827264,-14.0786725959546,-144.014212697122,3.92235155682375,2.57998788128035,461.392425537109,708.319274902344,18.0
[GLIDE],8.33333333333333,0.0,0.21403482017632,0.10701741008816,0.21403482017632,10.1524221121018,-13.5745503865334,-144.240455203565,3.93268426741146,2.58155026484855,461.293548583984,708.244445800781,18.0
[GLIDE],8.34999999999999,0.0,0.20575889869164,0.10287944934582,0.20575889869164,10.1851947611811,-13.0693086964014,-144.458277015171,3.94310309960932,2.58304043893508,461.194885253906,708.168823242188,18.0
[GLIDE],8.36666666666666,0.0,0.19750849729646,0.09875424864823,0.19750849729646,10.217866350706,-12.5640527901182,-144.667677895007,3.95358412666341,2.58445653952209,461.096405029297,708.092407226562,18.0
[GLIDE],8.38333333333333,0.0,0.18930046154424,0.09465023077212,0.18930046154424,10.2503701722848,-12.0598336535222,-144.868675122565,3.9641040449156,2.58579746044557,460.998107910156,708.015197753906,18.0
[GLIDE],8.4,0.0,0.18115056018525,0.09057528009262,0.18115056018525,10.2826437816664,-11.557648477193,-145.061302597185,3.97464022419965,2.5870627784272,460.899963378906,707.937194824219,18.0
[GLIDE],8.41666666666666,0.0,0.17307351293845,0.08653675646922,0.17307351293845,10.3146288887638,-11.0584411755775,-145.245609950112,3.98517075593829,2.5882526798617,460.801971435547,707.858459472656,18.0
[GLIDE],8.43333333333333,0.0,0.16508301897451,0.08254150948726,0.16508301897451,10.3462712448609,-10.5631029489327,-145.421661665927,3.99567449822263,2.58936789006792,460.7041015625,707.778991699219,18.0
[GLIDE],8.45,0.0,0.1571917860052,0.0785958930026,0.1571917860052,10.3775205274194,-10.0724728939032,-145.589536214159,4.00613111729934,2.59040960556858,460.606353759766,707.698791503906,18.0
[GLIDE],8.46666666666667,0.0,0.14941155987908,0.07470577993954,0.14941155987908,10.4083302228788,-9.58733866729498,-145.749325191947,4.01652112502213,2.59137942983469,460.508728027344,707.617919921875,18.0
[GLIDE],8.48333333333333,0.0,0.14175315458837,0.07087657729418,0.14175315458837,10.4386575078301,-9.10843720643412,-145.901132478721,4.02682591194169,2.59227931281406,460.411193847656,707.536376953125,18.0
[GLIDE],8.5,0.0,0.13422648259609,0.06711324129804,0.13422648259609,10.4684631289195,-8.63645550840614,-146.045073403861,4.03702777581345,2.59311149446083,460.313751220703,707.454162597656,18.0
[GLIDE],8.51666666666667,0.0,0.12684058539758,0.06342029269879,0.12684058539758,10.4977112818256,-8.17203146946704,-146.181273928352,4.04710994539467,2.59387845239323,460.216369628906,707.371276855469,18.0
[GLIDE],8.53333333333334,0.0,0.11960366423478,0.05980183211739,0.11960366423478,10.5263694896303,-7.71575478499629,-146.309869841436,4.05705659948358,2.59458285372952,460.119049072266,707.287780761719,18.0
[GLIDE],8.55,0.0,0.11252311088594,0.05626155544297,0.11252311088594,10.5544084808917,-7.26816790952711,-146.431005973261,4.06685288122236,2.59522751108699,460.021789550781,707.203735351562,18.0
[GLIDE],8.56666666666667,0.0,0.10560553845827,0.05280276922913,0.10560553845827,10.5818020677053,-6.8297670756391,-146.544835424522,4.07648490774521,2.5958153426743,459.924560546875,707.119079589844,18.0
[GLIDE],8.58333333333334,0.0,0.09885681211452,0.04942840605726,0.09885681211452,10.6085270240265,-6.40100336983011,-146.651518814019,4.0859397753021,2.59634933636342,459.827362060547,707.033874511719,18.0
[GLIDE],8.60000000000001,0.0,0.09228207966947,0.04614103983473,0.09228207966947,10.6345629645089,-5.98228386289694,-146.751223545067,4.09520556002978,2.596832517592,459.730194091797,706.948120117188,18.0
[GLIDE],8.61666666666667,0.0,0.08588580199555,0.04294290099777,0.08588580199555,10.6598922240976,-5.57397279184444,-146.844123091598,4.10427131457424,2.59726792092044,459.633026123047,706.861877441406,18.0
[GLIDE],8.63333333333334,0.0,0.07967178318151,0.03983589159075,0.07967178318151,10.6844997386012,-5.17639278990716,-146.930396304763,4.11312706079454,2.59765856504741,459.535858154297,706.775146484375,18.0
[GLIDE],8.65000000000001,0.0,0.07364320039122,0.03682160019561,0.07364320039122,10.7083729264508,-4.78982616090323,-147.010226740778,4.12176377879739,2.59800743107485,459.438690185547,706.687927246094,18.0
[GLIDE],8.66666666666668,0.0,0.06780263337393,0.03390131668697,0.06780263337393,10.7315015718392,-4.41451619384303,-147.083802010675,4.13017339256542,2.59831744380432,459.341491699219,706.600280761719,18.0
[GLIDE],8.68333333333334,0.0,0.06215209358072,0.03107604679036,0.06215209358072,10.7538777094204,-4.05066851348109,-147.151313152567,4.13834875245099,2.59859145584365,459.244262695312,706.51220703125,18.0
[GLIDE],8.70000000000001,0.0,0.05669305284526,0.02834652642263,0.05669305284526,10.7754955107328,-3.69845246232494,-147.212954026939,4.14628361481192,2.59883223430232,459.147003173828,706.423706054688,18.0
[GLIDE],8.71666666666668,0.0,0.05142647159082,0.02571323579541,0.05142647159082,10.7963511725003,-3.35800250949465,-147.26892073543,4.1539726190665,2.59904244985769,459.049713134766,706.334838867188,18.0
[GLIDE],8.73333333333335,0.0,0.04635282652825,0.02317641326412,0.04635282652825,10.8164428069481,-3.02941968175802,-147.31941106346,4.16141126244301,2.59922466797915,458.952362060547,706.24560546875,18.0
[GLIDE],8.75000000000001,0.0,0.04147213781315,0.02073606890658,0.04147213781315,10.8357703342599,-2.71277301204326,-147.364623946994,4.16859587269418,2.59938134210566,458.85498046875,706.156005859375,18.0
[GLIDE],8.76666666666668,0.0,0.03678399563352,0.01839199781676,0.03678399563352,10.8543353772913,-2.40810100075097,-147.404758963673,4.17552357904017,2.59951480858033,458.757537841797,706.066101074219,18.0
[GLIDE],8.78333333333335,0.0,0.03228758620184,0.01614379310092,0.03228758620184,10.8721411586407,-2.11541308524487,-147.440015848427,4.18219228159516,2.59962728315635,458.660003662109,705.975891113281,18.0
[GLIDE],8.80000000000002,0.0,0.02798171712879,0.0139908585644,0.02798171712879,10.88919240017,-1.83469111299249,-147.470594033644,4.18860061952252,2.599720858899,458.562408447266,705.885375976562,18.0
[GLIDE],8.81666666666668,0.0,0.02386484215805,0.01193242107902,0.02386484215805,10.9054952250541,-1.56589081394903,-147.496692213876,4.19474793815256,2.59979750531974,458.464752197266,705.794616699219,18.0
[GLIDE],8.83333333333335,0.0,0.01993508524469,0.00996754262234,0.01993508524469,10.921057062431,-1.30894326792586,-147.518507935008,4.20063425528496,2.59985906858967,458.367004394531,705.703552246094,18.0
[GLIDE],8.85000000000002,0.0,0.01619026396184,0.00809513198092,0.01619026396184,10.9358865547111,-1.06375636285629,-147.536237207722,4.20626022688572,2.599907272691,458.269165039062,705.612243652344,18.0
[GLIDE],8.86666666666669,0.0,0.01262791222281,0.0063139561114,0.01262791222281,10.9499934675977,-0.8302162400613,-147.550074145057,4.21162711237536,2.5999437213761,458.171234130859,705.520751953125,18.0
[GLIDE],8.88333333333335,0.0,0.00924530230805,0.00462265115403,0.00924530230805,10.9633886028601,-0.60818872282447,-147.56021062377,4.2167367396926,2.59996990081467,458.073211669922,705.429016113281,18.0
[GLIDE],8.90000000000002,0.0,0.00603946618875,0.00301973309437,0.00603946618875,10.9760837138926,-0.39752072480444,-147.566835969184,4.22159147030429,2.5999871828198,457.97509765625,705.337097167969,18.0
[GLIDE],8.91666666666669,0.0,0.00300721614043,0.00150360807022,0.00300721614043,10.9880914240839,-0.19804163504257,-147.570136663101,4.2261941643197,2.59999682855382,457.876892089844,705.244995117188,18.0
[CTRL] pressed=turnleft  key=Q  state=2  deployed=true  alt_m=1814.3
[GLIDE],9.20000000000004,0.00413499646348,0.0,0.00206749823174,-0.00413499646348,10.9836254140046,0.27225836704874,-147.564218961077,4.22448106299592,2.59999399931391,456.20556640625,703.677490234375,18.0
[VERBATIM] POLL: turnleft pressed - left turn
[GLIDE],9.2166666666667,0.00812801123525,0.0,0.00406400561762,-0.00812801123525,10.9678130755084,0.5347940748619,-147.555305726496,4.21842736155939,2.59997675329274,456.107513427734,703.585754394531,18.0
[GLIDE],9.23333333333337,0.01331216752777,0.0,0.00665608376388,-0.01331216752777,10.94728381659,0.8750972552239,-147.540720772243,4.21059510696521,2.5999374289114,456.009582519531,703.494323730469,18.0
[VERBATIM] POLL: turnleft pressed - left turn
[GLIDE],9.25000000000004,0.01961977192354,0.0,0.00980988596177,-0.01961977192354,10.9223057031828,1.28831104085349,-147.519248921562,4.20110733486103,2.59986351992221,455.911834716797,703.403259277344,18.0
[GLIDE],9.26666666666671,0.02698458323639,0.0,0.01349229161819,-0.02698458323639,10.8931410503839,1.7696218023276,-147.489755224856,4.19008772573596,2.59974056950576,455.814270019531,703.312683105469,18.0
[VERBATIM] POLL: turnleft pressed - left turn
[GLIDE],9.28333333333337,0.03534187500065,0.0,0.01767093750032,-0.03534187500065,10.8600461749974,2.3142788255408,-147.451183911097,4.17765982393676,2.59955253244234,455.716888427734,703.222595214844,18.0
[GLIDE],9.30000000000004,0.04462849094903,0.0,0.02231424547452,-0.04462849094903,10.8232711758418,2.91761193279529,-147.402557045551,4.1639463409578,2.59928209674101,455.619720458984,703.133117675781,18.0
[GLIDE],9.31666666666671,0.05478289376498,0.0,0.02739144688249,-0.05478289376498,10.7830597406907,3.57504712716908,-147.342972926764,4.14906853559244,2.59891097199024,455.522735595703,703.044311523438,18.0
[VERBATIM] POLL: turnleft pressed - left turn
[GLIDE],9.33333333333338,0.06422321665275,0.0,0.03211160832637,-0.06422321665275,10.7456760620551,4.18411706437751,-147.273237642358,4.13534771277574,2.59849396191219,455.425903320312,702.956176757812,18.0
[GLIDE],9.35000000000004,0.0729701357795,0.0,0.03648506788975,-0.0729701357795,10.7110382623132,4.74661569487407,-147.194127380777,4.12273078388763,2.59804455439435,455.329193115234,702.86865234375,18.0
[GLIDE],9.36666666666671,0.0810446620999,0.0,0.04052233104995,-0.0810446620999,10.6790631380844,5.2643077838952,-147.106388917712,4.1111664548346,2.59757498398688,455.232543945312,702.781677246094,18.0
[GLIDE],9.38333333333338,0.08846807513583,0.0,0.04423403756792,-0.08846807513583,10.6496664224621,5.73892765377701,-147.010740123482,4.10060524413935,2.59709623053396,455.135894775391,702.6953125,18.0
[GLIDE],9.40000000000005,0.09526186002215,0.0,0.04763093001107,-0.09526186002215,10.6227630343123,6.17217817096291,-146.9078704873,4.09099948429517,2.59661803309723,455.039215087891,702.609497070312,18.0
[GLIDE],9.41666666666671,0.10144764776782,0.0,0.05072382388391,-0.10144764776782,10.5982673148394,6.56572994596749,-146.798441654867,4.08230330834775,2.59614891749161,454.942504882812,702.524169921875,18.0
[GLIDE],9.43333333333338,0.10704715867774,0.0,0.05352357933887,-0.10704715867774,10.5760932516362,6.9212207173771,-146.683087976244,4.07447262367286,2.59569623567689,454.845672607422,702.439392089844,18.0
[GLIDE],9.45000000000005,0.1120821488764,0.0,0.0560410744382,-0.1120821488764,10.5561546904495,7.24025489368227,-146.562417061349,4.06746507488437,2.59526621522363,454.748718261719,702.355102539062,18.0
[GLIDE],9.46666666666672,0.11657435987153,0.0,0.05828717993576,-0.11657435987153,10.5383655349088,7.52440322933786,-146.43701034086,4.06123999773966,2.59486401709183,454.651611328125,702.271240234375,18.0
[GLIDE],9.48333333333338,0.12054547109222,0.0,0.06027273554611,-0.12054547109222,10.5226399344748,7.77520261392362,-146.307423630628,4.0557583658161,2.59449380001647,454.554321289062,702.187805175781,18.0
[GLIDE],9.50000000000005,0.12401705533373,0.0,0.06200852766687,-0.12401705533373,10.5088924608784,7.99415595562345,-146.174187698034,4.05098273161813,2.59415878987979,454.456817626953,702.104797363281,18.0
[GLIDE],9.51666666666672,0.12701053703819,0.0,0.06350526851909,-0.12701053703819,10.4970382733288,8.18273214244984,-146.037808828994,4.04687716364591,2.59386135255753,454.359069824219,702.022216796875,18.0
[GLIDE],9.53333333333339,0.12954715333869,0.0,0.06477357666934,-0.12954715333869,10.4869932727788,8.34236606670687,-145.898769394548,4.04340718081785,2.59360306884988,454.261077880859,701.940002441406,18.0
[GLIDE],9.55000000000005,0.13164791779201,0.0,0.06582395889601,-0.13164791779201,10.4786742455436,8.47445870010996,-145.757528416213,4.04053968549459,2.59338481024248,454.162811279297,701.858154296875,18.0
[GLIDE],9.56666666666672,0.1333335867238,0.0,0.0666667933619,-0.1333335867238,10.4719989965737,8.58037720876116,-145.614522129401,4.03824289620598,2.59320681438266,454.064239501953,701.776611328125,18.0
[GLIDE],9.58333333333339,0.13462462810852,0.0,0.06731231405426,-0.13462462810852,10.4668864726903,8.66145509881727,-145.47016454442,4.03648628103672,2.59306875929774,453.965362548828,701.695373535156,18.0
[GLIDE],9.60000000000006,0.13554119290556,0.0,0.06777059645278,-0.13554119290556,10.463256876094,8.71899238518659,-145.324848004667,4.03524049248499,2.59296983552286,453.866149902344,701.614440917969,18.0
[GLIDE],9.61666666666672,0.13610308877186,0.0,0.06805154438593,-0.13610308877186,10.4610317684634,8.75425577695085,-145.178943741718,4.03447730447235,2.5929088154411,453.7666015625,701.533813476562,18.0
[GLIDE],9.63333333333339,0.13632975607092,0.0,0.06816487803546,-0.13632975607092,10.4601341659592,8.76847887443728,-145.032802427144,4.03416955205442,2.59288411926869,453.666687011719,701.453430175781,18.0
[GLIDE],9.65000000000006,0.13624024609737,0.0,0.06812012304869,-0.13624024609737,10.4604886254544,8.76286237396538,-144.886754720911,4.03429107426244,2.59289387723884,453.56640625,701.373291015625,18.0
[GLIDE],9.66666666666673,0.13585320143651,0.0,0.06792660071826,-0.13585320143651,10.4620213223114,8.73857427727036,-144.74111181629,4.03481666039519,2.59293598765073,453.465759277344,701.293395996094,18.0
[GLIDE],9.68333333333339,0.13518683837767,0.0,0.06759341918884,-0.13518683837767,10.4646601200244,8.69675010346526,-144.596165981232,4.0357219999806,2.59300817055157,453.364715576172,701.213745117188,18.0
[GLIDE],9.70000000000006,0.13425893130087,0.0,0.06712946565044,-0.13425893130087,10.4683346320485,8.63849310215378,-144.452191096196,4.0369836365368,2.5931080169126,453.263275146484,701.13427734375,18.0
[GLIDE],9.71666666666673,0.13308679895622,0.0,0.06654339947811,-0.13308679895622,10.4729762761334,8.56487446695158,-144.309443188414,4.03857892518279,2.59323303324061,453.161437988281,701.054992675781,18.0
[GLIDE],9.7333333333334,0.13168729255621,0.0,0.06584364627811,-0.13168729255621,10.4785183214774,8.47693354922299,-144.168160962594,4.04048599408005,2.59338068163832,453.059204101562,700.975891113281,18.0
[GLIDE],9.75000000000006,0.13007678560163,0.0,0.06503839280082,-0.13007678560163,10.4848959290175,8.37567807229837,-144.028566328055,4.0426837096271,2.59354841538782,452.956573486328,700.89697265625,18.0
[GLIDE],9.76666666666673,0.12827116536252,0.0,0.06413558268126,-0.12827116536252,10.4920461851644,8.26208434681297,-143.890864922275,4.04515164527969,2.59373371018307,452.853515625,700.818176269531,18.0
[GLIDE],9.7833333333334,0.12628582593654,0.0,0.06314291296827,-0.12628582593654,10.4999081292913,8.13709748810741,-143.755246630807,4.0478700538286,2.59393409117967,452.750061035156,700.739562988281,18.0
[GLIDE],9.80000000000007,0.12413566280833,0.0,0.06206783140417,-0.12413566280833,10.508422775279,8.00163163685889,-143.621886103526,4.05081984293465,2.59414715606461,452.646179199219,700.661071777344,18.0
[GLIDE],9.81666666666673,0.12183506883414,0.0,0.06091753441707,-0.12183506883414,10.5175331274168,7.8565701842796,-143.490943267121,4.05398255369608,2.59437059437461,452.541900634766,700.582702636719,18.0
[GLIDE],9.8333333333334,0.1193979315777,0.0,0.05969896578885,-0.1193979315777,10.5271841909523,7.70276600332828,-143.362563833732,4.0573403420059,2.5946022033113,452.437194824219,700.50439453125,18.0
[GLIDE],9.85000000000007,0.11683763192438,0.0,0.05841881596219,-0.11683763192438,10.5373229775795,7.54104168744132,-143.236879805608,4.06087596244491,2.59483990031435,452.332092285156,700.426208496094,18.0
[GLIDE],9.86666666666674,0.11416704390211,0.0,0.05708352195106,-0.11416704390211,10.5478985061476,7.3721897983054,-143.114009975636,4.06457275445098,2.59508173266107,452.2265625,700.348083496094,18.0
[GLIDE],9.8833333333334,0.11139853563914,0.0,0.05569926781957,-0.11139853563914,10.558861798869,7.19697312417081,-142.994060423567,4.06841463050336,2.59532588436362,452.120635986328,700.27001953125,18.0
[GLIDE],9.90000000000007,0.10854397139009,0.0,0.05427198569504,-0.10854397139009,10.5701658732953,7.01612495014875,-142.877125007731,4.07238606606437,2.59557068063305,452.014312744141,700.192077636719,18.0
[GLIDE],9.91666666666674,0.10561471456359,0.0,0.05280735728179,-0.10561471456359,10.5817657303282,6.83034934185172,-142.763285852033,4.0764720910272,2.59581459017466,451.907592773438,700.114196777344,18.0
[GLIDE],9.93333333333341,0.10262163168627,0.0,0.05131081584313,-0.10262163168627,10.5936183385224,6.64032144362882,-142.652613827973,4.08065828242811,2.59605622557027,451.800476074219,700.036315917969,18.0
[GLIDE],9.95000000000007,0.09957509723971,0.0,0.04978754861986,-0.09957509723971,10.6056826149307,6.44668779252132,-142.545169031431,4.08493075819309,2.59629434199321,451.692993164062,699.95849609375,18.0
[GLIDE],9.96666666666674,0.09648499930867,0.0,0.04824249965434,-0.09648499930867,10.6179194027377,6.25006664892278,-142.441001253949,4.08927617170287,2.59652783448864,451.585113525391,699.880737304688,18.0
[GLIDE],9.98333333333341,0.0933607459807,0.0,0.04668037299035,-0.0933607459807,10.6302914459164,6.05104834477526,-142.340150448203,4.09368170697503,2.59675573403862,451.476867675781,699.802978515625,18.0
[GLIDE],10.0000000000001,0.09021127243913,0.0,0.04510563621956,-0.09021127243913,10.642763361141,5.85019564997353,-142.24264718737,4.0981350742781,2.59697720261595,451.368255615234,699.725219726562,18.0
[GLIDE],10.0166666666667,0.08704504869317,0.0,0.04352252434659,-0.08704504869317,10.655301607175,5.64804415748377,-142.148513118078,4.10262450600919,2.59719152741569,451.25927734375,699.647521972656,18.0
[GLIDE],10.0333333333334,0.08387008789085,0.0,0.04193504394543,-0.08387008789085,10.6678744519522,5.44510268751712,-142.05776140662,4.1071387526833,2.59739811443736,451.149963378906,699.56982421875,18.0
[GLIDE],10.0500000000001,0.08069395516225,0.0,0.04034697758112,-0.08069395516225,10.6804519375575,5.24185371093169,-141.970397178104,4.11166707889968,2.59759648157498,451.040313720703,699.492126464844,18.0
[GLIDE],10.0666666666667,0.07752377694245,0.0,0.03876188847123,-0.07752377694245,10.6930058433079,5.03875379187367,-141.88641794824,4.11619925916696,2.59778625135654,450.930328369141,699.414428710938,18.0
[GLIDE],10.0833333333334,0.0743662507256,0.0,0.0371831253628,-0.0743662507256,10.7055096471266,4.83623404950882,-141.805814047415,4.12072557348496,2.59796714345935,450.820007324219,699.336730957031,18.0
[GLIDE],10.1000000000001,0.07122765520312,0.0,0.03561382760156,-0.07122765520312,10.7179384853956,4.63470063854327,-141.728569036772,4.12523680259686,2.59813896711302,450.709350585938,699.258972167969,18.0
[GLIDE],10.1166666666667,0.06811386074123,0.0,0.03405693037061,-0.06811386074123,10.7302691114647,4.43453524808724,-141.654660115971,4.12972422283995,2.59830161348781,450.598388671875,699.181213378906,18.0
[GLIDE],10.1333333333334,0.06503034015463,0.0,0.03251517007731,-0.06503034015463,10.7424798529877,4.23609561827892,-141.584058522333,4.1341796005375,2.59845504815296,450.487152099609,699.103454589844,18.0
[GLIDE],10.1500000000001,0.06198217973524,0.0,0.03099108986762,-0.06198217973524,10.7545505682485,4.03971607395887,-141.5167299211,4.13859518588703,2.59859930367735,450.375610351562,699.025634765625,18.0
[GLIDE],10.1666666666668,0.05897409049645,0.0,0.02948704524823,-0.05897409049645,10.766462601634,3.84570807456889,-141.452634786524,4.14296370631277,2.59873447243306,450.263793945312,698.947814941406,18.0
[GLIDE],10.1833333333334,0.0560104195955,0.0,0.02800520979775,-0.0560104195955,10.7781987384018,3.65436077934352,-141.391728773535,4.14727835926097,2.5988606996523,450.151702880859,698.869934082031,18.0
[GLIDE],10.2000000000001,0.053095161898,0.0,0.026547580949,-0.053095161898,10.7897431588839,3.46594162676791,-141.333963079755,4.15153280442704,2.59897817677802,450.039337158203,698.792053222656,18.0
[GLIDE],10.2166666666668,0.05023197165085,0.0,0.02511598582543,-0.05023197165085,10.8010813922626,3.28069692719268,-141.279284797635,4.15572115541261,2.59908713514014,449.926727294922,698.714111328125,18.0
[GLIDE],10.2333333333334,0.04742417423112,0.0,0.02371208711556,-0.04742417423112,10.8122002700448,3.09885246742482,-141.227637256512,4.15983797081881,2.5991878399813,449.813873291016,698.636108398438,18.0
[GLIDE],10.2500000000001,0.04467477794036,0.0,0.02233738897018,-0.04467477794036,10.8230878793562,2.9206141260532,-141.178960354411,4.16387824478937,2.59928058484901,449.700805664062,698.558044433594,18.0
[GLIDE],10.2666666666668,0.04198648581559,0.0,0.02099324290779,-0.04198648581559,10.8337335161703,2.74616849821842,-141.133190879441,4.16783739702328,2.5993656863648,449.587493896484,698.47998046875,18.0
[GLIDE],10.2833333333334,0.03936170742961,0.0,0.01968085371481,-0.03936170742961,10.8441276385787,2.57568352849852,-141.090262820632,4.17171126228251,2.59944347937577,449.473968505859,698.40185546875,18.0
[GLIDE],10.3000000000001,0.0368025706552,0.0,0.0184012853276,-0.0368025706552,10.8542618202054,2.40930915055435,-141.050107668123,4.17549607942461,2.59951431248887,449.360229492188,698.323669433594,18.0
[GLIDE],10.3166666666668,0.03431093336894,0.0,0.01715546668447,-0.03431093336894,10.864128703859,2.24717793216112,-141.012654702587,4.17918847999406,2.59957854398431,449.246307373047,698.245422363281,18.0
[GLIDE],10.3333333333334,0.03188839507246,0.0,0.01594419753623,-0.03188839507246,10.8737219555131,2.08940572424495,-140.97783127385,4.18278547640928,2.59963653810131,449.132202148438,698.167114257812,18.0
[GLIDE],10.3500000000001,0.02953630840977,0.0,0.01476815420489,-0.02953630840977,10.8830362186973,1.9360923125443,-140.945563068641,4.18628444978462,2.59968866168595,449.017913818359,698.088745117188,18.0
[GLIDE],10.3666666666668,0.0272557905615,0.0,0.01362789528075,-0.0272557905615,10.8920670693765,1.78732207052645,-140.915774367465,4.18968313742867,2.59973528118913,448.903472900391,698.010314941406,18.0
[GLIDE],10.3833333333334,0.02504773449757,0.0,0.01252386724879,-0.02504773449757,10.9008109713896,1.64316461220666,-140.888388290595,4.19297962006109,2.59977676000028,448.788848876953,697.931823730469,18.0
[GLIDE],10.4000000000001,0.02291282007182,0.0,0.01145641003591,-0.02291282007182,10.9092652325156,1.50367544354321,-140.863327033203,4.19617230879145,2.59981345610128,448.674102783203,697.853271484375,18.0
[GLIDE],10.4166666666668,0.02085152494297,0.0,0.01042576247149,-0.02085152494297,10.9174279612258,1.3688966111131,-140.840512089684,4.19925993190332,2.59984572002369,448.559204101562,697.774658203125,18.0
[GLIDE],10.4333333333334,0.01886413530788,0.0,0.00943206765394,-0.01886413530788,10.9252980241808,1.23885734681121,-140.819864467237,4.20224152148708,2.59987389309184,448.444152832031,697.695983886719,18.0
[GLIDE],10.4500000000001,0.01695075643415,0.0,0.00847537821707,-0.01695075643415,10.9328750045208,1.11357470735921,-140.801304888781,4.20511639996422,2.59989830593365,448.328979492188,697.617248535156,18.0
[GLIDE],10.4666666666668,0.01511132298042,0.0,0.00755566149021,-0.01511132298042,10.9401591609976,0.99305420745843,-140.784753985324,4.20788416654521,2.59991927724088,448.213714599609,697.543395996094,18.0
[GLIDE],10.4833333333334,0.01334560909375,0.0,0.00667280454688,-0.01334560909375,10.9471513879887,0.87729044547331,-140.770132477899,4.21054468366176,2.59993711276053,448.098327636719,697.469482421875,18.0
[GLIDE],10.5000000000001,0.01165323827471,0.0,0.00582661913736,-0.01165323827471,10.9538531764321,0.76626772058796,-140.757361349223,4.21309806341306,2.59995210449916,447.982849121094,697.3955078125,18.0
[GLIDE],10.5166666666668,0.01003369300173,0.0,0.00501684650087,-0.01003369300173,10.9602665757131,0.65996064043708,-140.746362005215,4.21554465406406,2.59996453012228,447.867248535156,697.321472167969,18.0
[GLIDE],10.5333333333334,0.00848632410745,0.0,0.00424316205372,-0.00848632410745,10.9663941565345,0.55833471827377,-140.737056426577,4.2178850266319,2.59997465253136,447.751586914062,697.247375488281,18.0
[GLIDE],10.5500000000001,0.00701035990065,0.0,0.00350517995032,-0.00701035990065,10.9722389747934,0.46134695880004,-140.729367310597,4.22011996159509,2.5999827196017,447.635833740234,697.173217773438,18.0
[GLIDE],10.5666666666668,0.00560491502835,0.0,0.00280245751418,-0.00560491502835,10.9778045364877,0.36894643185005,-140.7232182034,4.22225043575771,2.59998896406477,447.52001953125,697.099060058594,18.0
[GLIDE],10.5833333333334,0.00426899907354,0.0,0.00213449953677,-0.00426899907354,10.9830947636688,0.28107483318178,-140.718533622847,4.22427760929911,2.5999936035196,447.404113769531,697.024841308594,18.0
[GLIDE],10.6000000000001,0.00300152488483,0.0,0.00150076244241,-0.00300152488483,10.9881139614561,0.1976670316985,-140.715239172319,4.22620281303728,2.59999684055844,447.288146972656,696.950561523438,18.0
[GLIDE],11.1000000000001,0.0,0.0,0.0,0.0,11.0,0.0,-140.712529123192,4.23076923076923,2.6,443.805603027344,694.716003417969,18.0
[GLIDE],11.6000000000002,0.0,0.0,0.0,0.0,11.0,0.0,-140.712529123192,4.23076923076923,2.6,440.322937011719,692.480285644531,18.0
[GLIDE],12.1000000000002,0.0,0.0,0.0,0.0,11.0,0.0,-140.712529123192,4.23076923076923,2.6,436.840270996094,690.244567871094,18.0
[GLIDE],12.6000000000002,0.0,0.0,0.0,0.0,11.0,0.0,-140.712529123192,4.23076923076923,2.6,433.357604980469,688.008850097656,18.0
[GLIDE],13.1000000000002,0.0,0.0,0.0,0.0,11.0,0.0,-140.712529123192,4.23076923076923,2.6,429.874938964844,685.773132324219,18.0
[GLIDE],13.6000000000003,0.0,0.0,0.0,0.0,11.0,0.0,-140.712529123192,4.23076923076923,2.6,426.392272949219,683.537414550781,18.0
[GLIDE],14.1000000000003,0.0,0.0,0.0,0.0,11.0,0.0,-140.712529123192,4.23076923076923,2.6,422.909606933594,681.301696777344,18.0
